/*--------------------------------*- C++ -*----------------------------------*\
| =========                 |                                                 |
| \\      /  F ield         | OpenFOAM: The Open Source CFD Toolbox           |
|  \\    /   O peration     | Version:  2.1.1                                 |
|   \\  /    A nd           | Web:      www.OpenFOAM.org                      |
|    \\/     M anipulation  |                                                 |
\*---------------------------------------------------------------------------*/
FoamFile
{
    version     2.0;
    format      ascii;
    class       vectorField;
    location    "constant/polyMesh";
    object      points;
}
// * * * * * * * * * * * * * * * * * * * * * * * * * * * * * * * * * * * * * //


3752
(
(75 0 20)
(75 22 20)
(75 22 45)
(75 38 45)
(75 38 20)
(75 102 20)
(75 102 45)
(75 118 45)
(75 118 20)
(75 141.421 20)
(75 141.421 0)
(75 0 0)
(83 30 20)
(83 110 20)
(145.711 70.7107 20)
(83 30 45)
(83 110 45)
(145.711 70.7107 0)
(75 2.2 20)
(75 4.4 20)
(75 6.6 20)
(75 8.8 20)
(75 11 20)
(75 13.2 20)
(75 15.4 20)
(75 17.6 20)
(75 19.8 20)
(75 22 22.2727)
(75 22 24.5455)
(75 22 26.8182)
(75 22 29.0909)
(75 22 31.3636)
(75 22 33.6364)
(75 22 35.9091)
(75 22 38.1818)
(75 22 40.4545)
(75 22 42.7273)
(75 23.7778 45)
(75 25.5556 45)
(75 27.3333 45)
(75 29.1111 45)
(75 30.8889 45)
(75 32.6667 45)
(75 34.4444 45)
(75 36.2222 45)
(75 38 22.2727)
(75 38 24.5455)
(75 38 26.8182)
(75 38 29.0909)
(75 38 31.3636)
(75 38 33.6364)
(75 38 35.9091)
(75 38 38.1818)
(75 38 40.4545)
(75 38 42.7273)
(75 42 20)
(75 46 20)
(75 50 20)
(75 54 20)
(75 58 20)
(75 62 20)
(75 66 20)
(75 70 20)
(75 74 20)
(75 78 20)
(75 82 20)
(75 86 20)
(75 90 20)
(75 94 20)
(75 98 20)
(75 102 22.2727)
(75 102 24.5455)
(75 102 26.8182)
(75 102 29.0909)
(75 102 31.3636)
(75 102 33.6364)
(75 102 35.9091)
(75 102 38.1818)
(75 102 40.4545)
(75 102 42.7273)
(75 103.778 45)
(75 105.556 45)
(75 107.333 45)
(75 109.111 45)
(75 110.889 45)
(75 112.667 45)
(75 114.444 45)
(75 116.222 45)
(75 118 22.2727)
(75 118 24.5455)
(75 118 26.8182)
(75 118 29.0909)
(75 118 31.3636)
(75 118 33.6364)
(75 118 35.9091)
(75 118 38.1818)
(75 118 40.4545)
(75 118 42.7273)
(75 120.342 20)
(75 122.684 20)
(75 125.026 20)
(75 127.369 20)
(75 129.711 20)
(75 132.053 20)
(75 134.395 20)
(75 136.737 20)
(75 139.079 20)
(75 141.421 2)
(75 141.421 4)
(75 141.421 6)
(75 141.421 8)
(75 141.421 10)
(75 141.421 12)
(75 141.421 14)
(75 141.421 16)
(75 141.421 18)
(75 5.43928 0)
(75 10.8786 0)
(75 16.3178 0)
(75 21.7571 0)
(75 27.1964 0)
(75 32.6357 0)
(75 38.075 0)
(75 43.5143 0)
(75 48.9535 0)
(75 54.3928 0)
(75 59.8321 0)
(75 65.2714 0)
(75 70.7107 0)
(75 76.15 0)
(75 81.5892 0)
(75 87.0285 0)
(75 92.4678 0)
(75 97.9071 0)
(75 103.346 0)
(75 108.786 0)
(75 114.225 0)
(75 119.664 0)
(75 125.104 0)
(75 130.543 0)
(75 135.982 0)
(75 0 2)
(75 0 4)
(75 0 6)
(75 0 8)
(75 0 10)
(75 0 12)
(75 0 14)
(75 0 16)
(75 0 18)
(76.5607 22.1537 20)
(78.0615 22.609 20)
(79.4446 23.3482 20)
(80.6569 24.3431 20)
(81.6518 25.5554 20)
(82.391 26.9385 20)
(82.8463 28.4393 20)
(82.8463 31.5607 20)
(82.391 33.0615 20)
(81.6518 34.4446 20)
(80.6569 35.6569 20)
(79.4446 36.6518 20)
(78.0615 37.391 20)
(76.5607 37.8463 20)
(76.5607 102.154 20)
(78.0615 102.609 20)
(79.4446 103.348 20)
(80.6569 104.343 20)
(81.6518 105.555 20)
(82.391 106.939 20)
(82.8463 108.439 20)
(82.8463 111.561 20)
(82.391 113.061 20)
(81.6518 114.445 20)
(80.6569 115.657 20)
(79.4446 116.652 20)
(78.0615 117.391 20)
(76.5607 117.846 20)
(142.175 74.2462 20)
(138.64 77.7817 20)
(135.104 81.3173 20)
(131.569 84.8528 20)
(128.033 88.3883 20)
(124.497 91.9239 20)
(120.962 95.4594 20)
(117.426 98.9949 20)
(113.891 102.53 20)
(110.355 106.066 20)
(106.82 109.602 20)
(103.284 113.137 20)
(99.7487 116.673 20)
(96.2132 120.208 20)
(92.6777 123.744 20)
(89.1421 127.279 20)
(85.6066 130.815 20)
(82.0711 134.35 20)
(78.5355 137.886 20)
(78.5355 3.53553 20)
(82.0711 7.07107 20)
(85.6066 10.6066 20)
(89.1421 14.1421 20)
(92.6777 17.6777 20)
(96.2132 21.2132 20)
(99.7487 24.7487 20)
(103.284 28.2843 20)
(106.82 31.8198 20)
(110.355 35.3553 20)
(113.891 38.8909 20)
(117.426 42.4264 20)
(120.962 45.9619 20)
(124.497 49.4975 20)
(128.033 53.033 20)
(131.569 56.5685 20)
(135.104 60.1041 20)
(138.64 63.6396 20)
(142.175 67.1751 20)
(76.5607 22.1537 45)
(78.0615 22.609 45)
(79.4446 23.3482 45)
(80.6569 24.3431 45)
(81.6518 25.5554 45)
(82.391 26.9385 45)
(82.8463 28.4393 45)
(83 30 22.2727)
(83 30 24.5455)
(83 30 26.8182)
(83 30 29.0909)
(83 30 31.3636)
(83 30 33.6364)
(83 30 35.9091)
(83 30 38.1818)
(83 30 40.4545)
(83 30 42.7273)
(82.8463 31.5607 45)
(82.391 33.0615 45)
(81.6518 34.4446 45)
(80.6569 35.6569 45)
(79.4446 36.6518 45)
(78.0615 37.391 45)
(76.5607 37.8463 45)
(76.5607 102.154 45)
(78.0615 102.609 45)
(79.4446 103.348 45)
(80.6569 104.343 45)
(81.6518 105.555 45)
(82.391 106.939 45)
(82.8463 108.439 45)
(83 110 22.2727)
(83 110 24.5455)
(83 110 26.8182)
(83 110 29.0909)
(83 110 31.3636)
(83 110 33.6364)
(83 110 35.9091)
(83 110 38.1818)
(83 110 40.4545)
(83 110 42.7273)
(82.8463 111.561 45)
(82.391 113.061 45)
(81.6518 114.445 45)
(80.6569 115.657 45)
(79.4446 116.652 45)
(78.0615 117.391 45)
(76.5607 117.846 45)
(145.711 70.7107 2)
(145.711 70.7107 4)
(145.711 70.7107 6)
(145.711 70.7107 8)
(145.711 70.7107 10)
(145.711 70.7107 12)
(145.711 70.7107 14)
(145.711 70.7107 16)
(145.711 70.7107 18)
(142.175 74.2462 0)
(138.64 77.7817 0)
(135.104 81.3173 0)
(131.569 84.8528 0)
(128.033 88.3883 0)
(124.497 91.9239 0)
(120.962 95.4594 0)
(117.426 98.9949 0)
(113.891 102.53 0)
(110.355 106.066 0)
(106.82 109.602 0)
(103.284 113.137 0)
(99.7487 116.673 0)
(96.2132 120.208 0)
(92.6777 123.744 0)
(89.1421 127.279 0)
(85.6066 130.815 0)
(82.0711 134.35 0)
(78.5355 137.886 0)
(78.5355 3.53553 0)
(82.0711 7.07107 0)
(85.6066 10.6066 0)
(89.1421 14.1421 0)
(92.6777 17.6777 0)
(96.2132 21.2132 0)
(99.7487 24.7487 0)
(103.284 28.2843 0)
(106.82 31.8198 0)
(110.355 35.3553 0)
(113.891 38.8909 0)
(117.426 42.4264 0)
(120.962 45.9619 0)
(124.497 49.4975 0)
(128.033 53.033 0)
(131.569 56.5685 0)
(135.104 60.1041 0)
(138.64 63.6396 0)
(142.175 67.1751 0)
(75 26.6013 8.91812)
(75 26.7017 36.1496)
(75 14.9147 15.6573)
(75 26.6913 22.5554)
(75 3.12596 8.88121)
(75 2.53031 15.7363)
(75 73.6783 8.90033)
(75 120.848 8.85146)
(75 132.511 15.6556)
(75 131.791 2.29167)
(75 138.328 18.3081)
(75 138.937 12.1925)
(75 109.101 29.2887)
(75 109.046 15.7008)
(75 115.498 32.6184)
(75 115.494 25.8142)
(75 109.062 43.0259)
(75 115.442 39.447)
(75 85.3602 15.538)
(75 38.5484 15.5752)
(75 32.5093 39.5498)
(75 32.5156 32.7523)
(75 26.6234 42.8168)
(75 20.7989 18.2242)
(75 15.5281 2.29061)
(75 38.2862 2.68084)
(75 50.1946 8.84778)
(75 108.958 2.67967)
(75 97.2541 8.9089)
(75 86.1359 2.3391)
(75 61.113 2.29199)
(75 61.9403 15.0279)
(75 2.75783 2.48168)
(75 20.7434 5.58037)
(75 26.7663 2.6708)
(75 32.4994 12.3123)
(75 32.495 5.62095)
(75 38.3745 8.9159)
(75 44.2935 18.1177)
(75 44.2853 12.2809)
(75 50.3215 15.4299)
(75 44.225 5.6049)
(75 49.4512 2.30127)
(75 32.5408 19.1691)
(75 26.577 15.7513)
(75 32.516 25.9511)
(75 26.7037 29.3518)
(75 20.714 12.3019)
(75 14.7828 8.8389)
(75 8.63631 5.18606)
(75 8.90666 12.293)
(75 8.85591 18.4939)
(75 114.884 5.60542)
(75 120.122 2.30127)
(75 126.683 12.2951)
(75 126.769 5.64669)
(75 132.63 8.85708)
(75 138.959 5.77733)
(75 126.446 18.192)
(75 120.782 15.6062)
(75 114.926 12.2982)
(75 109.029 8.91565)
(75 103.154 5.61786)
(75 97.4491 2.65919)
(75 103.144 12.305)
(75 103.484 18.9762)
(75 97.1693 15.552)
(75 109.097 36.089)
(75 103.842 25.7998)
(75 103.845 32.6078)
(75 103.848 39.3702)
(75 109.085 22.4932)
(75 115.253 19.2157)
(75 79.2944 5.18143)
(75 73.4813 2.40281)
(75 67.5888 5.15567)
(75 67.7814 12.3284)
(75 61.943 8.86587)
(75 56.1123 5.6395)
(75 56.0659 12.3287)
(75 55.9454 18.1132)
(75 67.9416 18.0939)
(75 73.5539 15.5406)
(75 79.5731 12.2746)
(75 85.4194 8.83759)
(75 91.5674 18.1126)
(75 91.3563 12.2761)
(75 91.1492 5.14735)
(75 79.6848 18.115)
(75 3.01303 18.3075)
(75 2.54971 12.1832)
(75 2.73296 5.71545)
(75 23.9722 43.7019)
(75 24.1327 41.2168)
(75 23.8968 37.979)
(75 26.7052 39.5173)
(75 29.5718 37.8114)
(75 29.5741 34.4226)
(75 32.5194 36.1568)
(75 35.3356 41.2314)
(75 35.6597 37.9846)
(75 35.3816 34.5742)
(75 35.6637 31.1888)
(75 35.3134 43.485)
(75 32.5095 43.0458)
(75 29.5408 41.1153)
(75 29.3466 43.7347)
(75 12.6127 0.652702)
(75 17.8834 3.77873)
(75 18.4532 0.674551)
(75 20.8864 2.50467)
(75 23.6661 7.24597)
(75 23.7431 4.09728)
(75 26.6352 5.63812)
(75 24.0213 1.70462)
(75 29.5447 10.61)
(75 29.5519 7.25701)
(75 32.4903 8.92679)
(75 35.5102 14.029)
(75 35.4424 10.6133)
(75 38.4083 12.2884)
(75 35.4308 7.25601)
(75 35.42 4.11639)
(75 38.3554 5.64447)
(75 41.5456 16.994)
(75 41.3819 13.9206)
(75 44.3834 15.5203)
(75 47.821 17.4355)
(75 50.0945 18.5101)
(75 47.3268 13.948)
(75 47.2317 10.5821)
(75 50.1944 12.2464)
(75 41.2472 4.11746)
(75 41.071 1.71882)
(75 44.0387 2.69198)
(75 47.2313 7.17707)
(75 47.0708 4.011)
(75 50.3641 5.15894)
(75 46.6931 1.66333)
(75 44.2659 8.90818)
(75 41.3047 7.26662)
(75 41.3303 10.5984)
(75 35.3938 1.71982)
(75 32.5288 2.70566)
(75 29.7181 1.72058)
(75 29.5978 4.15201)
(75 39.0998 18.135)
(75 35.8828 17.6539)
(75 32.5628 15.7515)
(75 29.5508 14.0175)
(75 26.5948 12.3155)
(75 29.5602 17.4306)
(75 29.5687 20.8304)
(75 26.6393 19.1757)
(75 35.3808 27.7655)
(75 32.52 29.3594)
(75 29.5729 24.2256)
(75 29.5758 27.6265)
(75 26.7101 25.9571)
(75 29.5778 31.0279)
(75 26.712 32.7576)
(75 32.5243 22.56)
(75 35.6666 24.3835)
(75 35.4148 20.9787)
(75 23.6535 10.6132)
(75 20.7133 8.91354)
(75 17.754 7.1592)
(75 14.6284 5.1114)
(75 17.7658 10.592)
(75 17.8158 14.0053)
(75 14.8337 12.2895)
(75 11.4364 4.00873)
(75 9.30309 2.7494)
(75 6.47598 1.15248)
(75 5.48958 4.10664)
(75 5.85402 7.21192)
(75 11.8931 14.0072)
(75 11.9701 17.4972)
(75 8.89791 15.6526)
(75 5.90176 10.5792)
(75 5.81706 13.9997)
(75 5.76981 17.4789)
(75 8.85792 8.84677)
(75 11.8555 10.5791)
(75 11.7417 7.11441)
(75 24.1362 34.5732)
(75 15.1504 18.4885)
(75 23.9017 31.1906)
(75 24.1363 27.7682)
(75 23.8958 24.3843)
(75 18.0773 17.4601)
(75 20.7431 15.634)
(75 24.0775 20.9805)
(75 23.4953 17.6732)
(75 23.633 14.0395)
(75 105.939 43.6779)
(75 111.892 43.5251)
(75 112.042 41.0909)
(75 114.65 43.07)
(75 116.863 43.6975)
(75 116.67 41.6796)
(75 116.73 37.4272)
(75 106.076 1.70747)
(75 111.911 4.1101)
(75 111.753 1.71763)
(75 114.711 2.69109)
(75 117.885 7.17906)
(75 117.734 4.01118)
(75 121.023 5.15957)
(75 117.375 1.66324)
(75 123.762 10.5945)
(75 123.851 7.19893)
(75 126.716 8.91247)
(75 129.58 14.0023)
(75 129.641 10.5949)
(75 132.591 12.2918)
(75 129.665 7.18182)
(75 129.535 3.84668)
(75 132.768 5.15429)
(75 135.536 17.4849)
(75 135.643 14.0013)
(75 138.913 15.7281)
(75 136.021 4.11957)
(75 135.03 1.12992)
(75 138.73 2.49239)
(75 138.618 8.95432)
(75 135.707 7.23323)
(75 135.645 10.5915)
(75 129.361 0.785535)
(75 126.847 3.00237)
(75 123.283 0.697945)
(75 124.211 3.92247)
(75 132.285 18.4865)
(75 129.266 17.454)
(75 126.603 15.6022)
(75 123.735 13.9901)
(75 120.809 12.2805)
(75 123.714 17.4447)
(75 120.588 18.4389)
(75 117.871 10.5888)
(75 114.918 8.91142)
(75 111.962 7.25902)
(75 109.012 5.64231)
(75 111.975 10.61)
(75 111.988 14.0024)
(75 109.034 12.3042)
(75 106.082 4.13481)
(75 103.201 2.70693)
(75 100.401 1.71979)
(75 100.261 4.14024)
(75 100.209 7.26297)
(75 97.2954 5.63164)
(75 106.096 14.0013)
(75 106.149 17.3817)
(75 103.185 15.7021)
(75 100.198 10.6106)
(75 100.183 14.0031)
(75 97.2407 12.281)
(75 100.125 17.5076)
(75 96.7514 18.1195)
(75 103.145 8.92515)
(75 106.088 10.6088)
(75 106.085 7.27272)
(75 116.739 34.5479)
(75 115.22 36.0308)
(75 112.136 30.976)
(75 112.141 34.3739)
(75 109.113 32.6863)
(75 112.131 37.767)
(75 109.099 39.4843)
(75 106.275 27.567)
(75 106.286 30.9663)
(75 103.665 29.1886)
(75 106.248 41.0301)
(75 103.636 42.5181)
(75 103.653 35.9946)
(75 106.292 37.7451)
(75 106.306 34.3614)
(75 103.607 22.3791)
(75 106.279 24.1632)
(75 109.115 25.8868)
(75 106.229 20.7606)
(75 109.077 19.0953)
(75 112.143 27.5746)
(75 115.244 29.2242)
(75 116.743 30.6101)
(75 116.742 27.7351)
(75 116.733 23.8065)
(75 112.044 17.416)
(75 114.981 15.6932)
(75 116.683 20.9723)
(75 117.906 17.1896)
(75 117.874 13.9589)
(75 115.186 22.4483)
(75 112.091 20.8086)
(75 112.141 24.1786)
(75 89.1712 0.732768)
(75 83.2853 0.655026)
(75 82.0878 4.01482)
(75 79.9656 2.74923)
(75 77.1511 1.1466)
(75 76.1867 4.06658)
(75 76.533 7.19014)
(75 73.5929 5.58384)
(75 70.7079 7.17695)
(75 70.7392 10.5923)
(75 67.7687 8.85637)
(75 64.7887 4.41295)
(75 64.8425 7.18703)
(75 62.0333 5.18742)
(75 64.8359 10.6403)
(75 64.6874 14.328)
(75 61.9263 12.3047)
(75 58.6931 0.781143)
(75 58.8724 3.81902)
(75 56.1866 2.99153)
(75 52.6098 0.697894)
(75 53.5486 3.92083)
(75 53.197 7.18471)
(75 59.1796 14.2915)
(75 58.3691 17.3117)
(75 55.9867 15.5678)
(75 53.1208 10.5856)
(75 53.1207 13.9169)
(75 53.1225 17.0999)
(75 56.0675 8.91866)
(75 59.0173 10.6415)
(75 59.0006 7.18244)
(75 64.3998 1.21851)
(75 68.4038 2.16887)
(75 70.7548 3.99624)
(75 70.8111 1.98827)
(75 61.9091 18.6186)
(75 65.5044 17.3329)
(75 67.8533 15.5589)
(75 70.5525 16.9803)
(75 72.9814 18.0964)
(75 70.7126 13.9166)
(75 73.6705 12.272)
(75 76.6177 10.5888)
(75 79.5231 8.84265)
(75 82.4958 13.9234)
(75 82.5021 10.5672)
(75 85.4468 12.2625)
(75 82.3895 7.11834)
(75 85.2057 5.14439)
(75 88.2555 17.394)
(75 88.3815 13.9651)
(75 91.3563 15.5217)
(75 94.2108 16.9715)
(75 94.284 13.9056)
(75 94.2989 10.581)
(75 88.0648 3.99738)
(75 92.0645 2.30396)
(75 94.2903 7.18156)
(75 94.4472 4.00791)
(75 94.7913 1.65694)
(75 91.3195 8.84311)
(75 88.294 7.12421)
(75 88.3863 10.5691)
(75 84.8647 18.1016)
(75 82.3628 16.9721)
(75 79.5446 15.5155)
(75 76.5877 13.9646)
(75 76.3799 17.3764)
(75 1.2576 7.6906)
(75 13.2291 2.50954)
(75 18.7531 1.93256)
(75 50.6592 17.4759)
(75 7.24439 2.58528)
(75 134.207 2.52009)
(75 128.521 1.90094)
(75 122.427 2.43938)
(75 89.7156 2.4579)
(75 83.8749 2.52391)
(75 77.9131 2.57582)
(75 57.8583 1.88828)
(75 51.763 2.43919)
(75 63.4969 2.62271)
(75 60.7627 16.834)
(75 63.1002 16.9254)
(75 65.7019 2.47793)
(75 54.3024 1.78561)
(75 56.0847 1.36146)
(75 76.0889 1.97747)
(75 81.791 1.76455)
(75 90.7133 1.16323)
(75 124.972 1.78715)
(75 126.759 1.36507)
(75 136.073 1.99766)
(75 5.40344 2.00338)
(75 51.6829 18.667)
(75 19.8806 1.10703)
(75 11.1236 1.7616)
(75 14.2295 1.21926)
(75 17.3049 1.68714)
(75 8.43341 1.2308)
(75 133.378 1.07717)
(75 130.031 1.70725)
(75 121.418 1.23407)
(75 87.9583 1.82472)
(75 84.8942 1.23247)
(75 79.1134 1.22951)
(75 59.3602 1.69746)
(75 50.7405 1.23404)
(75 62.6927 1.10109)
(75 63.8068 18.6541)
(75 59.951 18.6666)
(75 53.065 1.95191)
(75 57.0615 0.702835)
(75 83.5827 1.43992)
(75 90.6701 0.580832)
(75 123.729 1.95246)
(75 127.744 0.705495)
(75 19.9297 0.554841)
(75 12.9207 1.43224)
(85.3466 40.2257 20)
(79.2388 16.6933 20)
(99.0548 36.6588 20)
(88.9748 26.7077 20)
(98.0886 87.5695 20)
(125.343 80.2426 20)
(105.399 60.2849 20)
(119.029 56.6393 20)
(109.052 46.6559 20)
(138.536 75.3708 20)
(129.019 66.6405 20)
(90.7254 114.806 20)
(77.4487 136.751 20)
(76.8259 119.321 20)
(86.1548 127.664 20)
(83.5037 116.61 20)
(85.2086 109.798 20)
(84.4527 91.2215 20)
(94.4319 101.212 20)
(77.9052 67.5504 20)
(81.7804 53.9163 20)
(78.7151 41.933 20)
(87.3033 33.4557 20)
(84.066 21.5938 20)
(103.626 110.194 20)
(108.091 97.5712 20)
(111.731 83.9157 20)
(101.744 73.9272 20)
(115.386 70.2718 20)
(121.175 92.7411 20)
(95.4126 50.2981 20)
(91.7572 63.9404 20)
(88.1023 77.5824 20)
(88.772 121.515 20)
(95.0516 118.957 20)
(97.4728 112.834 20)
(92.5912 108.03 20)
(99.4011 106.173 20)
(105.977 104.249 20)
(111.625 102.328 20)
(101.25 99.3823 20)
(96.2608 94.3907 20)
(103.083 92.5633 20)
(104.91 85.7419 20)
(99.9163 80.7484 20)
(106.737 78.9207 20)
(118.549 82.0842 20)
(113.559 77.0929 20)
(120.38 75.2652 20)
(108.565 72.0995 20)
(103.572 67.1061 20)
(110.393 65.2784 20)
(132.036 78.2691 20)
(127.199 73.4367 20)
(133.997 71.5964 20)
(140.502 69.9103 20)
(135.606 65.0787 20)
(130.904 60.0775 20)
(112.22 58.4574 20)
(107.227 53.464 20)
(114.035 51.6433 20)
(125.423 54.8623 20)
(120.7 49.8885 20)
(115.743 45.1826 20)
(110.709 40.0887 20)
(124.024 61.6264 20)
(117.214 63.4507 20)
(122.207 68.4443 20)
(129.138 84.7748 20)
(123.324 86.9017 20)
(116.733 88.9454 20)
(109.909 90.7459 20)
(114.475 95.2519 20)
(92.2457 38.4811 20)
(94.0664 31.6764 20)
(105.622 35.0019 20)
(100.528 29.9677 20)
(95.8211 25.0117 20)
(90.8458 20.2862 20)
(85.634 14.8066 20)
(80.5575 10.1475 20)
(76.2766 4.82874 20)
(104.057 41.6541 20)
(97.2402 43.477 20)
(90.4185 45.3039 20)
(102.234 48.4705 20)
(100.406 55.2915 20)
(83.6105 47.1171 20)
(77.3126 48.7919 20)
(80.0982 60.6734 20)
(98.5783 62.1127 20)
(96.7506 68.9338 20)
(84.9351 65.7668 20)
(89.9295 70.7617 20)
(83.1309 72.6074 20)
(94.9228 75.755 20)
(93.0951 82.5761 20)
(86.7651 58.9454 20)
(93.5849 57.1192 20)
(88.5916 52.1254 20)
(91.2674 89.3972 20)
(89.4371 96.2205 20)
(77.8178 92.9686 20)
(82.5889 98.0659 20)
(76.838 99.874 20)
(87.534 103.114 20)
(82.081 123.412 20)
(76.2876 124.914 20)
(80.1958 130.089 20)
(79.6416 86.2588 20)
(86.2756 84.4037 20)
(81.292 79.3619 20)
(77.4372 74.5598 20)
(76.4843 133.914 20)
(87.4996 124.825 20)
(90.2597 123.617 20)
(92.5996 120.274 20)
(89.8356 118.139 20)
(93.088 117.047 20)
(94.1061 113.898 20)
(91.6525 111.432 20)
(95.0697 110.494 20)
(100.779 111.552 20)
(98.4498 109.497 20)
(101.73 108.444 20)
(96.0013 107.098 20)
(93.5141 104.621 20)
(96.9243 103.702 20)
(104.873 107.423 20)
(107.569 106.219 20)
(108.972 103.348 20)
(107.023 100.941 20)
(110.283 100.074 20)
(97.8419 100.297 20)
(95.3465 97.8013 20)
(98.7569 96.8871 20)
(104.648 98.4678 20)
(102.166 95.9732 20)
(105.582 95.0624 20)
(99.6712 93.4768 20)
(97.1747 90.9801 20)
(100.585 90.0663 20)
(103.696 101.858 20)
(100.325 102.783 20)
(102.718 105.196 20)
(99.6007 114.285 20)
(96.3108 116.565 20)
(101.499 86.6557 20)
(99.0024 84.159 20)
(102.413 83.2451 20)
(108.321 84.8288 20)
(105.824 82.3313 20)
(109.234 81.4176 20)
(103.327 79.8345 20)
(100.83 77.3378 20)
(104.241 76.4239 20)
(115.141 83.0009 20)
(112.645 80.5038 20)
(116.055 79.5895 20)
(121.95 81.1656 20)
(119.464 78.6748 20)
(122.872 77.7593 20)
(116.969 76.179 20)
(114.472 73.6824 20)
(117.883 72.7685 20)
(105.155 73.0134 20)
(102.658 70.5167 20)
(106.068 69.6028 20)
(111.976 71.1857 20)
(109.479 68.6889 20)
(112.89 67.7751 20)
(106.982 66.1922 20)
(104.486 63.6955 20)
(107.896 62.7817 20)
(111.062 74.5962 20)
(107.651 75.5101 20)
(110.148 78.0068 20)
(128.745 79.2979 20)
(126.279 76.8402 20)
(129.672 75.9087 20)
(135.411 77.4334 20)
(133.053 74.9742 20)
(136.389 73.8798 20)
(130.599 72.5167 20)
(128.111 70.0305 20)
(131.51 69.1307 20)
(139.628 72.7128 20)
(142.262 71.5461 20)
(132.386 65.8221 20)
(129.924 63.3231 20)
(133.301 62.8131 20)
(138.23 67.4352 20)
(134.873 68.2706 20)
(137.314 70.6555 20)
(108.81 59.3711 20)
(106.313 56.8744 20)
(109.724 55.9607 20)
(115.629 57.5451 20)
(113.132 55.0483 20)
(116.531 54.1411 20)
(110.635 52.5518 20)
(108.14 50.0557 20)
(111.543 49.152 20)
(122.363 55.763 20)
(119.894 53.272 20)
(123.124 52.5922 20)
(112.444 45.8117 20)
(109.947 43.3057 20)
(113.374 42.571 20)
(118.01 47.4678 20)
(114.887 48.3011 20)
(117.372 50.7653 20)
(128.078 57.2405 20)
(124.843 58.2193 20)
(121.514 59.1337 20)
(127.399 60.7523 20)
(126.521 64.1411 20)
(118.124 60.0421 20)
(114.717 60.9544 20)
(111.307 61.8679 20)
(113.803 64.3646 20)
(116.3 66.8612 20)
(125.615 67.5356 20)
(124.703 70.9417 20)
(118.797 69.358 20)
(121.293 71.8547 20)
(123.789 74.3503 20)
(119.711 65.9475 20)
(123.119 65.0368 20)
(120.62 62.5385 20)
(133.567 79.7923 20)
(131.192 81.6292 20)
(127.63 82.6363 20)
(124.345 83.6106 20)
(121.005 84.5491 20)
(117.63 85.4924 20)
(114.23 86.4218 20)
(120.069 87.9117 20)
(122.306 90.028 20)
(119.162 91.182 20)
(110.82 87.3332 20)
(107.408 88.2409 20)
(103.996 89.1528 20)
(106.497 91.6522 20)
(109.036 94.1643 20)
(118.708 94.1727 20)
(117.096 97.3875 20)
(111.863 96.7555 20)
(113.503 99.6374 20)
(112.413 93.2469 20)
(115.928 92.6614 20)
(113.333 89.8812 20)
(125.05 88.7437 20)
(126.376 85.9108 20)
(77.0736 39.3809 20)
(81.9589 41.1534 20)
(79.5953 38.9811 20)
(82.4065 37.2952 20)
(88.8221 39.3744 20)
(86.2837 36.7669 20)
(89.7475 35.9651 20)
(95.655 37.5704 20)
(93.1582 35.0729 20)
(96.5588 34.1676 20)
(90.663 32.5777 20)
(88.1202 30.1258 20)
(91.5523 29.1879 20)
(102.408 35.7631 20)
(99.8967 33.268 20)
(103.14 32.3366 20)
(92.425 25.8174 20)
(89.9219 23.3496 20)
(93.1139 22.5873 20)
(98.2426 27.7006 20)
(94.9462 28.337 20)
(97.4064 30.8273 20)
(76.501 17.3471 20)
(77.1053 14.4916 20)
(82.4148 15.7876 20)
(79.9419 13.4094 20)
(82.898 12.425 20)
(77.8652 7.42232 20)
(77.2411 11.1606 20)
(88.469 17.6309 20)
(84.9604 18.29 20)
(81.5957 19.1345 20)
(87.4737 20.8534 20)
(86.4656 24.1629 20)
(78.2146 20.0246 20)
(85.0404 27.7683 20)
(85.0403 31.1524 20)
(83.9844 34.0055 20)
(83.0268 24.7025 20)
(80.7228 22.2872 20)
(108.305 37.4062 20)
(104.923 38.2731 20)
(101.549 39.1592 20)
(107.435 40.7904 20)
(106.551 44.1622 20)
(98.1509 40.0674 20)
(94.7428 40.9801 20)
(91.3307 41.8907 20)
(87.9109 42.7939 20)
(93.8293 44.3904 20)
(96.3264 46.8875 20)
(92.9158 47.8012 20)
(105.643 47.5599 20)
(104.73 50.9677 20)
(98.8231 49.3842 20)
(101.32 51.881 20)
(97.9093 52.7948 20)
(103.817 54.3778 20)
(102.903 57.7882 20)
(99.737 45.9737 20)
(103.146 45.0624 20)
(100.648 42.5646 20)
(84.4985 43.6943 20)
(81.132 44.5562 20)
(77.8653 45.252 20)
(80.3021 47.9646 20)
(82.717 50.5174 20)
(79.4728 51.3356 20)
(78.287 54.6921 20)
(80.9168 57.2978 20)
(77.9077 58.0438 20)
(77.2064 61.2489 20)
(79.2379 64.0077 20)
(76.7543 64.2496 20)
(76.9085 51.824 20)
(101.989 61.1988 20)
(101.075 64.6094 20)
(95.1677 63.0265 20)
(97.6644 65.5232 20)
(94.2539 66.4371 20)
(100.161 68.0199 20)
(99.2473 71.4305 20)
(88.3466 64.854 20)
(90.8433 67.351 20)
(87.4326 68.2655 20)
(81.5205 66.6635 20)
(84.0249 69.1869 20)
(80.6377 70.1712 20)
(86.5218 71.6783 20)
(89.0163 74.1724 20)
(85.6112 75.0878 20)
(98.3334 74.8411 20)
(97.4196 78.2517 20)
(91.5124 76.6688 20)
(94.009 79.1655 20)
(90.5985 80.0793 20)
(96.5057 81.6622 20)
(95.5918 85.0728 20)
(92.4262 73.2583 20)
(95.8367 72.3444 20)
(93.34 69.8477 20)
(82.4806 63.2364 20)
(85.8553 62.3526 20)
(89.2611 61.443 20)
(83.3826 59.837 20)
(84.2778 56.4358 20)
(92.6711 60.5297 20)
(96.0816 59.6159 20)
(99.4921 58.7021 20)
(96.9954 56.2054 20)
(94.4987 53.7087 20)
(85.1865 53.0312 20)
(86.1001 49.6237 20)
(92.002 51.2119 20)
(89.5058 48.7144 20)
(87.0077 46.2118 20)
(91.0882 54.6224 20)
(87.6794 55.5338 20)
(90.1747 58.0326 20)
(94.678 88.4834 20)
(93.7641 91.894 20)
(87.8577 90.3107 20)
(90.3533 92.8081 20)
(86.9431 93.7223 20)
(92.8498 95.3049 20)
(91.934 98.717 20)
(81.085 92.1136 20)
(83.5433 94.6349 20)
(80.2291 95.5417 20)
(77.2875 96.5474 20)
(79.414 98.8809 20)
(81.3658 101.595 20)
(78.5683 101.478 20)
(91.0101 102.136 20)
(90.0858 105.548 20)
(83.7132 104.44 20)
(86.6486 106.495 20)
(84.13 107.219 20)
(89.0898 108.944 20)
(88.1275 112.354 20)
(84.9884 100.64 20)
(88.499 99.6514 20)
(86.0084 97.1488 20)
(87.2309 115.747 20)
(86.3407 119.125 20)
(80.6944 117.827 20)
(82.9571 120.044 20)
(79.4666 120.638 20)
(85.4061 122.502 20)
(84.3733 125.785 20)
(76.8373 122.034 20)
(83.3686 128.933 20)
(82.1782 131.641 20)
(77.2396 131.205 20)
(79.3253 133.229 20)
(77.6585 127.811 20)
(81.1173 126.785 20)
(78.8689 124.301 20)
(84.4817 113.365 20)
(78.6926 89.5445 20)
(81.9957 88.7151 20)
(77.0317 87.1577 20)
(77.4017 84.032 20)
(85.3672 87.8125 20)
(88.7717 86.9003 20)
(92.1814 85.9866 20)
(89.6849 83.4899 20)
(87.1885 80.9929 20)
(77.7692 80.0223 20)
(76.6941 76.7682 20)
(79.1109 76.7573 20)
(84.6961 78.4909 20)
(82.2541 75.9868 20)
(79.9349 73.5888 20)
(77.582 71.5959 20)
(83.7825 81.902 20)
(80.4303 82.8203 20)
(82.8982 85.3187 20)
(77.5962 135.242 20)
(94.3993 118.242 20)
(125.374 52.4799 20)
(118.057 45.1616 20)
(110.905 37.9261 20)
(107.785 34.8054 20)
(100.549 27.6534 20)
(93.2296 20.3366 20)
(116.713 95.6702 20)
(76.493 56.151 20)
(115.24 97.3776 20)
(82.8128 9.9506 20)
(135.769 62.8853 20)
(142.721 69.7848 20)
(79.1603 135.458 20)
(118.34 96.3464 20)
(75.8202 22.0422 28.1629)
(82.9578 29.1798 28.1629)
(80.6568 24.3431 38.6641)
(78.22 22.6767 33.4925)
(75.8196 22.0421 38.9666)
(78.2388 22.685 23.2058)
(82.3152 26.7614 23.2058)
(82.3233 26.7798 33.4923)
(82.9579 29.1803 38.9667)
(78.4603 22.7871 43.7734)
(82.2129 26.5397 43.7733)
(80.6569 24.3432 28.3433)
(82.9469 29.0797 43.8183)
(82.7673 28.0846 41.2866)
(81.5994 25.4781 41.2374)
(82.3211 26.7749 38.6776)
(75.9203 22.0531 43.8183)
(79.5221 23.4007 41.2375)
(76.9156 22.2327 41.2869)
(78.2252 22.6789 38.6774)
(80.6567 24.343 43.5306)
(82.7698 28.0948 25.7531)
(82.9574 29.176 23.2949)
(82.7206 27.9041 20.9241)
(81.4564 25.2761 20.9247)
(76.9053 22.2302 25.7531)
(75.8237 22.0425 23.2948)
(79.7241 23.5438 20.9252)
(77.0957 22.2794 20.9238)
(80.6568 24.3431 23.2045)
(79.5128 23.3943 25.7634)
(78.2247 22.6787 28.3354)
(81.6055 25.487 25.7633)
(82.3213 26.7753 28.3354)
(76.9038 22.2298 30.835)
(75.7887 22.039 33.0878)
(76.877 22.2233 36.1603)
(79.5123 23.394 36.0848)
(82.7702 28.0961 30.8348)
(82.961 29.2115 33.088)
(81.6059 25.4875 36.085)
(82.7766 28.1226 36.1608)
(80.6569 24.3432 33.5036)
(81.6058 25.4873 30.9224)
(79.5128 23.3943 30.9222)
(82.7181 27.895 43.7862)
(82.5553 27.3698 42.5311)
(81.9549 26.0465 42.5137)
(82.3107 26.7515 41.2479)
(82.8968 28.719 40.1048)
(82.5766 27.432 39.9872)
(82.7666 28.0817 38.7562)
(81.9907 26.1103 39.9589)
(81.1566 24.8915 39.9531)
(81.6044 25.4853 38.6663)
(82.9564 29.1657 41.4082)
(82.8868 28.6587 42.5841)
(77.1048 22.2818 43.7863)
(78.949 23.0426 42.5138)
(77.6325 22.4455 42.5307)
(78.2489 22.6894 41.2483)
(80.1075 23.8426 39.9527)
(78.8876 23.0081 39.9576)
(79.5143 23.3954 38.666)
(77.5642 22.4221 39.9845)
(76.2835 22.1036 40.1059)
(76.9177 22.2332 38.7556)
(75.8346 22.0437 41.4084)
(76.3416 22.1133 42.5841)
(80.6567 24.343 41.2334)
(80.1358 23.8662 42.4781)
(79.7303 23.5483 43.7346)
(81.1339 24.8643 42.4761)
(81.4513 25.2692 43.7343)
(82.897 28.7205 26.9821)
(82.957 29.1712 25.7237)
(82.8958 28.7128 24.4968)
(82.577 27.4331 24.4812)
(82.7636 28.0696 23.2294)
(82.556 27.3719 22.0006)
(81.9554 26.0476 21.9935)
(82.2066 26.5265 20.9223)
(82.9463 29.0744 20.9994)
(82.8868 28.659 22.077)
(76.2795 22.103 26.9821)
(75.8286 22.043 25.7237)
(77.5605 22.4208 24.4806)
(76.289 22.1045 24.497)
(76.9296 22.2362 23.229)
(78.9488 23.0425 21.9903)
(77.6304 22.4448 22.0035)
(78.4733 22.7933 20.9223)
(75.9256 22.0537 20.9994)
(76.3411 22.1132 22.0772)
(80.6568 24.3431 21.0929)
(80.138 23.868 22.0215)
(79.5262 23.4035 23.2138)
(81.1328 24.863 22.0274)
(81.5963 25.4735 23.2148)
(78.8877 23.0082 24.4797)
(78.2305 22.6813 25.7624)
(77.5646 22.4222 27.0378)
(76.918 22.2333 28.2888)
(78.8864 23.0074 27.0507)
(80.1073 23.8424 27.053)
(79.5142 23.3953 28.342)
(81.9914 26.1115 24.4799)
(82.3183 26.7686 25.7625)
(81.1581 24.8933 27.0532)
(81.9938 26.1159 27.0513)
(81.605 25.4862 28.3421)
(82.5776 27.4348 27.0376)
(82.7667 28.082 28.2888)
(80.6569 24.3432 25.7635)
(81.1562 24.8911 24.4797)
(80.1086 23.8435 24.4801)
(76.2838 22.1037 29.4687)
(75.8286 22.043 30.5955)
(76.2792 22.1029 31.9629)
(77.5604 22.4208 32.1625)
(76.8897 22.2264 33.4087)
(77.5345 22.4121 34.7899)
(78.8811 23.0045 34.7929)
(78.2236 22.6782 36.0954)
(76.2776 22.1027 37.61)
(77.5651 22.4224 37.4258)
(78.886 23.0072 37.3827)
(80.1074 23.8425 37.3752)
(75.7982 22.0399 36.4876)
(76.105 22.0767 34.7844)
(82.8963 28.7162 29.4687)
(82.957 29.1715 30.5956)
(82.5812 27.4456 32.1681)
(82.8968 28.7193 31.9613)
(82.7738 28.1109 33.4093)
(81.9962 26.1201 34.7931)
(82.5878 27.4653 34.79)
(82.3216 26.776 36.096)
(81.1579 24.8931 37.3748)
(81.994 26.1163 37.3805)
(82.5791 27.4392 37.422)
(82.8969 28.7196 37.6125)
(82.96 29.2014 36.488)
(82.9233 28.895 34.7846)
(80.6569 24.3432 36.0843)
(81.1581 24.8934 34.7938)
(81.6056 25.4871 33.5022)
(80.1067 23.842 34.7938)
(79.5131 23.3945 33.5021)
(81.9941 26.1164 32.2064)
(82.3194 26.7709 30.9053)
(82.5762 27.4307 29.5936)
(81.9923 26.1131 29.626)
(81.1574 24.8925 29.6324)
(78.8844 23.0063 32.2056)
(78.23 22.681 30.9045)
(80.1068 23.842 29.6328)
(78.884 23.0061 29.6282)
(77.5699 22.424 29.5932)
(80.6568 24.3431 30.9231)
(80.1072 23.8424 32.2124)
(81.1578 24.893 32.2124)
(78.9554 33.9595 45)
(77.1059 23.9453 45)
(78.9676 27.2302 45)
(76.9665 36.6672 45)
(77.2358 30.5441 45)
(81.1485 30.6432 45)
(79.6142 35.2403 45)
(80.711 33.8891 45)
(78.0848 35.6914 45)
(76.3399 35.3337 45)
(77.2243 33.9163 45)
(76.1814 25.5567 45)
(78.8675 24.199 45)
(78.0082 25.6024 45)
(77.0706 27.2491 45)
(79.8457 25.6568 45)
(80.7856 27.1691 45)
(76.3414 28.9107 45)
(76.2927 32.0855 45)
(78.0886 32.272 45)
(81.7133 28.7006 45)
(79.9241 32.3051 45)
(81.452 32.3053 45)
(79.0552 30.6102 45)
(79.962 28.8888 45)
(78.0814 28.9106 45)
(75.9251 33.7288 45)
(75.9532 30.3047 45)
(75.8202 37.9578 28.1629)
(78.2386 37.3152 23.2058)
(82.9578 30.8202 28.1629)
(80.6569 35.6568 38.6641)
(78.2202 37.3233 33.4923)
(75.8197 37.9579 38.9667)
(82.2129 33.4603 43.7734)
(78.4603 37.2129 43.7733)
(82.3233 33.22 33.4925)
(82.9579 30.8196 38.9666)
(82.315 33.2388 23.2058)
(80.6568 35.6569 28.3433)
(75.9203 37.9469 43.8183)
(76.9154 37.7673 41.2866)
(79.5219 36.5994 41.2374)
(78.2251 37.3211 38.6776)
(82.9469 30.9203 43.8183)
(81.5993 34.5221 41.2375)
(82.7673 31.9156 41.2869)
(82.3211 33.2252 38.6774)
(80.657 35.6567 43.5306)
(76.9052 37.7698 25.7531)
(75.824 37.9574 23.2949)
(77.0959 37.7206 20.9241)
(79.7239 36.4564 20.9247)
(82.7698 31.9053 25.7531)
(82.9575 30.8237 23.2948)
(81.4562 34.7241 20.9252)
(82.7206 32.0957 20.9238)
(80.6569 35.6568 23.2045)
(81.6057 34.5128 25.7634)
(82.3213 33.2247 28.3354)
(79.513 36.6055 25.7633)
(78.2247 37.3213 28.3354)
(82.7702 31.9038 30.835)
(82.961 30.7887 33.0878)
(82.7767 31.877 36.1603)
(81.606 34.5123 36.0848)
(76.9039 37.7702 30.8348)
(75.7885 37.961 33.088)
(79.5125 36.6059 36.085)
(76.8774 37.7766 36.1608)
(80.6568 35.6569 33.5036)
(79.5127 36.6058 30.9224)
(81.6057 34.5128 30.9222)
(77.105 37.7181 43.7862)
(77.6302 37.5553 42.5311)
(78.9535 36.9549 42.5137)
(78.2485 37.3107 41.2479)
(76.281 37.8968 40.1048)
(77.568 37.5766 39.9872)
(76.9183 37.7666 38.7562)
(78.8897 36.9907 39.9589)
(80.1085 36.1566 39.9531)
(79.5147 36.6044 38.6663)
(75.8343 37.9564 41.4082)
(76.3413 37.8868 42.5841)
(82.7182 32.1048 43.7863)
(81.9574 33.949 42.5138)
(82.5545 32.6325 42.5307)
(82.3106 33.2489 41.2483)
(81.1574 35.1075 39.9527)
(81.9919 33.8876 39.9576)
(81.6046 34.5143 38.666)
(82.5779 32.5642 39.9845)
(82.8964 31.2835 40.1059)
(82.7668 31.9177 38.7556)
(82.9563 30.8346 41.4084)
(82.8867 31.3416 42.5841)
(80.657 35.6567 41.2334)
(81.1338 35.1358 42.4781)
(81.4517 34.7303 43.7346)
(80.1357 36.1339 42.4761)
(79.7308 36.4513 43.7343)
(76.2795 37.897 26.9821)
(75.8288 37.957 25.7237)
(76.2872 37.8958 24.4968)
(77.5669 37.577 24.4812)
(76.9304 37.7636 23.2294)
(77.6281 37.556 22.0006)
(78.9524 36.9554 21.9935)
(78.4735 37.2066 20.9223)
(75.9256 37.9463 20.9994)
(76.341 37.8868 22.077)
(82.897 31.2795 26.9821)
(82.957 30.8286 25.7237)
(82.5792 32.5605 24.4806)
(82.8955 31.289 24.497)
(82.7638 31.9296 23.229)
(81.9575 33.9488 21.9903)
(82.5552 32.6304 22.0035)
(82.2067 33.4733 20.9223)
(82.9463 30.9256 20.9994)
(82.8868 31.3411 22.0772)
(80.6569 35.6568 21.0929)
(81.132 35.138 22.0215)
(81.5965 34.5262 23.2138)
(80.137 36.1328 22.0274)
(79.5265 36.5963 23.2148)
(81.9918 33.8877 24.4797)
(82.3187 33.2305 25.7624)
(82.5778 32.5646 27.0378)
(82.7667 31.918 28.2888)
(81.9926 33.8864 27.0507)
(81.1576 35.1073 27.053)
(81.6047 34.5142 28.342)
(78.8885 36.9914 24.4799)
(78.2314 37.3183 25.7625)
(80.1067 36.1581 27.0532)
(78.8841 36.9938 27.0513)
(79.5138 36.605 28.3421)
(77.5652 37.5776 27.0376)
(76.918 37.7667 28.2888)
(80.6568 35.6569 25.7635)
(80.1089 36.1562 24.4797)
(81.1565 35.1086 24.4801)
(82.8963 31.2838 29.4687)
(82.957 30.8286 30.5955)
(82.8971 31.2792 31.9629)
(82.5792 32.5604 32.1625)
(82.7736 31.8897 33.4087)
(82.5879 32.5345 34.7899)
(81.9955 33.8811 34.7929)
(82.3218 33.2236 36.0954)
(82.8973 31.2776 37.61)
(82.5776 32.5651 37.4258)
(81.9928 33.886 37.3827)
(81.1575 35.1074 37.3752)
(82.9601 30.7982 36.4876)
(82.9233 31.105 34.7844)
(76.2838 37.8963 29.4687)
(75.8285 37.957 30.5956)
(77.5544 37.5812 32.1681)
(76.2807 37.8968 31.9613)
(76.8891 37.7738 33.4093)
(78.8799 36.9962 34.7931)
(77.5347 37.5878 34.79)
(78.224 37.3216 36.096)
(80.1069 36.1579 37.3748)
(78.8837 36.994 37.3805)
(77.5608 37.5791 37.422)
(76.2804 37.8969 37.6125)
(75.7986 37.96 36.488)
(76.105 37.9233 34.7846)
(80.6568 35.6569 36.0843)
(80.1066 36.1581 34.7938)
(79.5129 36.6056 33.5022)
(81.158 35.1067 34.7938)
(81.6055 34.5131 33.5021)
(78.8836 36.9941 32.2064)
(78.2291 37.3194 30.9053)
(77.5693 37.5762 29.5936)
(78.8869 36.9923 29.626)
(80.1075 36.1574 29.6324)
(81.9937 33.8844 32.2056)
(82.319 33.23 30.9045)
(81.158 35.1068 29.6328)
(81.9939 33.884 29.6282)
(82.576 32.5699 29.5932)
(80.6569 35.6568 30.9231)
(81.1576 35.1072 32.2124)
(80.107 36.1578 32.2124)
(75.8202 102.042 28.1629)
(82.9578 109.18 28.1629)
(80.6568 104.343 38.6641)
(78.22 102.677 33.4925)
(75.8196 102.042 38.9666)
(78.2388 102.685 23.2058)
(82.3152 106.761 23.2058)
(82.3233 106.78 33.4923)
(82.9579 109.18 38.9667)
(78.4603 102.787 43.7734)
(82.2129 106.54 43.7733)
(80.6569 104.343 28.3433)
(82.9469 109.08 43.8183)
(82.7673 108.085 41.2866)
(81.5994 105.478 41.2374)
(82.3211 106.775 38.6776)
(75.9203 102.053 43.8183)
(79.5221 103.401 41.2375)
(76.9156 102.233 41.2869)
(78.2252 102.679 38.6774)
(80.6567 104.343 43.5306)
(82.7698 108.095 25.7531)
(82.9574 109.176 23.2949)
(82.7206 107.904 20.9241)
(81.4564 105.276 20.9247)
(76.9053 102.23 25.7531)
(75.8237 102.043 23.2948)
(79.7241 103.544 20.9252)
(77.0957 102.279 20.9238)
(80.6568 104.343 23.2045)
(79.5128 103.394 25.7634)
(78.2247 102.679 28.3354)
(81.6055 105.487 25.7633)
(82.3213 106.775 28.3354)
(76.9038 102.23 30.835)
(75.7887 102.039 33.0878)
(76.877 102.223 36.1603)
(79.5123 103.394 36.0848)
(82.7702 108.096 30.8348)
(82.961 109.212 33.088)
(81.6059 105.488 36.085)
(82.7766 108.123 36.1608)
(80.6569 104.343 33.5036)
(81.6058 105.487 30.9224)
(79.5128 103.394 30.9222)
(82.7181 107.895 43.7862)
(82.5553 107.37 42.5311)
(81.9549 106.047 42.5137)
(82.3107 106.751 41.2479)
(82.8968 108.719 40.1048)
(82.5766 107.432 39.9872)
(82.7666 108.082 38.7562)
(81.9907 106.11 39.9589)
(81.1566 104.892 39.9531)
(81.6044 105.485 38.6663)
(82.9564 109.166 41.4082)
(82.8868 108.659 42.5841)
(77.1048 102.282 43.7863)
(78.949 103.043 42.5138)
(77.6325 102.446 42.5307)
(78.2489 102.689 41.2483)
(80.1075 103.843 39.9527)
(78.8876 103.008 39.9576)
(79.5143 103.395 38.666)
(77.5642 102.422 39.9845)
(76.2835 102.104 40.1059)
(76.9177 102.233 38.7556)
(75.8346 102.044 41.4084)
(76.3416 102.113 42.5841)
(80.6567 104.343 41.2334)
(80.1358 103.866 42.4781)
(79.7303 103.548 43.7346)
(81.1339 104.864 42.4761)
(81.4513 105.269 43.7343)
(82.897 108.72 26.9821)
(82.957 109.171 25.7237)
(82.8958 108.713 24.4968)
(82.577 107.433 24.4812)
(82.7636 108.07 23.2294)
(82.556 107.372 22.0006)
(81.9554 106.048 21.9935)
(82.2066 106.527 20.9223)
(82.9463 109.074 20.9994)
(82.8868 108.659 22.077)
(76.2795 102.103 26.9821)
(75.8286 102.043 25.7237)
(77.5605 102.421 24.4806)
(76.289 102.105 24.497)
(76.9296 102.236 23.229)
(78.9488 103.042 21.9903)
(77.6304 102.445 22.0035)
(78.4733 102.793 20.9223)
(75.9256 102.054 20.9994)
(76.3411 102.113 22.0772)
(80.6568 104.343 21.0929)
(80.138 103.868 22.0215)
(79.5262 103.404 23.2138)
(81.1328 104.863 22.0274)
(81.5963 105.474 23.2148)
(78.8877 103.008 24.4797)
(78.2305 102.681 25.7624)
(77.5646 102.422 27.0378)
(76.918 102.233 28.2888)
(78.8864 103.007 27.0507)
(80.1073 103.842 27.053)
(79.5142 103.395 28.342)
(81.9914 106.111 24.4799)
(82.3183 106.769 25.7625)
(81.1581 104.893 27.0532)
(81.9938 106.116 27.0513)
(81.605 105.486 28.3421)
(82.5776 107.435 27.0376)
(82.7667 108.082 28.2888)
(80.6569 104.343 25.7635)
(81.1562 104.891 24.4797)
(80.1086 103.843 24.4801)
(76.2838 102.104 29.4687)
(75.8286 102.043 30.5955)
(76.2792 102.103 31.9629)
(77.5604 102.421 32.1625)
(76.8897 102.226 33.4087)
(77.5345 102.412 34.7899)
(78.8811 103.005 34.7929)
(78.2236 102.678 36.0954)
(76.2776 102.103 37.61)
(77.5651 102.422 37.4258)
(78.886 103.007 37.3827)
(80.1074 103.843 37.3752)
(75.7982 102.04 36.4876)
(76.105 102.077 34.7844)
(82.8963 108.716 29.4687)
(82.957 109.172 30.5956)
(82.5812 107.446 32.1681)
(82.8968 108.719 31.9613)
(82.7738 108.111 33.4093)
(81.9962 106.12 34.7931)
(82.5878 107.465 34.79)
(82.3216 106.776 36.096)
(81.1579 104.893 37.3748)
(81.994 106.116 37.3805)
(82.5791 107.439 37.422)
(82.8969 108.72 37.6125)
(82.96 109.201 36.488)
(82.9233 108.895 34.7846)
(80.6569 104.343 36.0843)
(81.1581 104.893 34.7938)
(81.6056 105.487 33.5022)
(80.1067 103.842 34.7938)
(79.5131 103.395 33.5021)
(81.9941 106.116 32.2064)
(82.3194 106.771 30.9053)
(82.5762 107.431 29.5936)
(81.9923 106.113 29.626)
(81.1574 104.893 29.6324)
(78.8844 103.006 32.2056)
(78.23 102.681 30.9045)
(80.1068 103.842 29.6328)
(78.884 103.006 29.6282)
(77.5699 102.424 29.5932)
(80.6568 104.343 30.9231)
(80.1072 103.842 32.2124)
(81.1578 104.893 32.2124)
(78.9554 113.959 45)
(77.1059 103.945 45)
(78.9676 107.23 45)
(76.9665 116.667 45)
(77.2358 110.544 45)
(81.1485 110.643 45)
(79.6142 115.24 45)
(80.711 113.889 45)
(78.0848 115.691 45)
(76.3399 115.334 45)
(77.2243 113.916 45)
(76.1814 105.557 45)
(78.8675 104.199 45)
(78.0082 105.602 45)
(77.0706 107.249 45)
(79.8457 105.657 45)
(80.7856 107.169 45)
(76.3414 108.911 45)
(76.2927 112.086 45)
(78.0886 112.272 45)
(81.7133 108.701 45)
(79.9241 112.305 45)
(81.452 112.305 45)
(79.0552 110.61 45)
(79.962 108.889 45)
(78.0814 108.911 45)
(75.9251 113.729 45)
(75.9532 110.305 45)
(75.8202 117.958 28.1629)
(78.2386 117.315 23.2058)
(82.9578 110.82 28.1629)
(80.6569 115.657 38.6641)
(78.2202 117.323 33.4923)
(75.8197 117.958 38.9667)
(82.2129 113.46 43.7734)
(78.4603 117.213 43.7733)
(82.3233 113.22 33.4925)
(82.9579 110.82 38.9666)
(82.315 113.239 23.2058)
(80.6568 115.657 28.3433)
(75.9203 117.947 43.8183)
(76.9154 117.767 41.2866)
(79.5219 116.599 41.2374)
(78.2251 117.321 38.6776)
(82.9469 110.92 43.8183)
(81.5993 114.522 41.2375)
(82.7673 111.916 41.2869)
(82.3211 113.225 38.6774)
(80.657 115.657 43.5306)
(76.9052 117.77 25.7531)
(75.824 117.957 23.2949)
(77.0959 117.721 20.9241)
(79.7239 116.456 20.9247)
(82.7698 111.905 25.7531)
(82.9575 110.824 23.2948)
(81.4562 114.724 20.9252)
(82.7206 112.096 20.9238)
(80.6569 115.657 23.2045)
(81.6057 114.513 25.7634)
(82.3213 113.225 28.3354)
(79.513 116.606 25.7633)
(78.2247 117.321 28.3354)
(82.7702 111.904 30.835)
(82.961 110.789 33.0878)
(82.7767 111.877 36.1603)
(81.606 114.512 36.0848)
(76.9039 117.77 30.8348)
(75.7885 117.961 33.088)
(79.5125 116.606 36.085)
(76.8774 117.777 36.1608)
(80.6568 115.657 33.5036)
(79.5127 116.606 30.9224)
(81.6057 114.513 30.9222)
(77.105 117.718 43.7862)
(77.6302 117.555 42.5311)
(78.9535 116.955 42.5137)
(78.2485 117.311 41.2479)
(76.281 117.897 40.1048)
(77.568 117.577 39.9872)
(76.9183 117.767 38.7562)
(78.8897 116.991 39.9589)
(80.1085 116.157 39.9531)
(79.5147 116.604 38.6663)
(75.8343 117.956 41.4082)
(76.3413 117.887 42.5841)
(82.7182 112.105 43.7863)
(81.9574 113.949 42.5138)
(82.5545 112.633 42.5307)
(82.3106 113.249 41.2483)
(81.1574 115.108 39.9527)
(81.9919 113.888 39.9576)
(81.6046 114.514 38.666)
(82.5779 112.564 39.9845)
(82.8964 111.283 40.1059)
(82.7668 111.918 38.7556)
(82.9563 110.835 41.4084)
(82.8867 111.342 42.5841)
(80.657 115.657 41.2334)
(81.1338 115.136 42.4781)
(81.4517 114.73 43.7346)
(80.1357 116.134 42.4761)
(79.7308 116.451 43.7343)
(76.2795 117.897 26.9821)
(75.8288 117.957 25.7237)
(76.2872 117.896 24.4968)
(77.5669 117.577 24.4812)
(76.9304 117.764 23.2294)
(77.6281 117.556 22.0006)
(78.9524 116.955 21.9935)
(78.4735 117.207 20.9223)
(75.9256 117.946 20.9994)
(76.341 117.887 22.077)
(82.897 111.28 26.9821)
(82.957 110.829 25.7237)
(82.5792 112.561 24.4806)
(82.8955 111.289 24.497)
(82.7638 111.93 23.229)
(81.9575 113.949 21.9903)
(82.5552 112.63 22.0035)
(82.2067 113.473 20.9223)
(82.9463 110.926 20.9994)
(82.8868 111.341 22.0772)
(80.6569 115.657 21.0929)
(81.132 115.138 22.0215)
(81.5965 114.526 23.2138)
(80.137 116.133 22.0274)
(79.5265 116.596 23.2148)
(81.9918 113.888 24.4797)
(82.3187 113.23 25.7624)
(82.5778 112.565 27.0378)
(82.7667 111.918 28.2888)
(81.9926 113.886 27.0507)
(81.1576 115.107 27.053)
(81.6047 114.514 28.342)
(78.8885 116.991 24.4799)
(78.2314 117.318 25.7625)
(80.1067 116.158 27.0532)
(78.8841 116.994 27.0513)
(79.5138 116.605 28.3421)
(77.5652 117.578 27.0376)
(76.918 117.767 28.2888)
(80.6568 115.657 25.7635)
(80.1089 116.156 24.4797)
(81.1565 115.109 24.4801)
(82.8963 111.284 29.4687)
(82.957 110.829 30.5955)
(82.8971 111.279 31.9629)
(82.5792 112.56 32.1625)
(82.7736 111.89 33.4087)
(82.5879 112.534 34.7899)
(81.9955 113.881 34.7929)
(82.3218 113.224 36.0954)
(82.8973 111.278 37.61)
(82.5776 112.565 37.4258)
(81.9928 113.886 37.3827)
(81.1575 115.107 37.3752)
(82.9601 110.798 36.4876)
(82.9233 111.105 34.7844)
(76.2838 117.896 29.4687)
(75.8285 117.957 30.5956)
(77.5544 117.581 32.1681)
(76.2807 117.897 31.9613)
(76.8891 117.774 33.4093)
(78.8799 116.996 34.7931)
(77.5347 117.588 34.79)
(78.224 117.322 36.096)
(80.1069 116.158 37.3748)
(78.8837 116.994 37.3805)
(77.5608 117.579 37.422)
(76.2804 117.897 37.6125)
(75.7986 117.96 36.488)
(76.105 117.923 34.7846)
(80.6568 115.657 36.0843)
(80.1066 116.158 34.7938)
(79.5129 116.606 33.5022)
(81.158 115.107 34.7938)
(81.6055 114.513 33.5021)
(78.8836 116.994 32.2064)
(78.2291 117.319 30.9053)
(77.5693 117.576 29.5936)
(78.8869 116.992 29.626)
(80.1075 116.157 29.6324)
(81.9937 113.884 32.2056)
(82.319 113.23 30.9045)
(81.158 115.107 29.6328)
(81.9939 113.884 29.6282)
(82.576 112.57 29.5932)
(80.6569 115.657 30.9231)
(81.1576 115.107 32.2124)
(80.107 116.158 32.2124)
(117.51 98.9115 9.99998)
(140.309 76.1119 9.99944)
(143.465 72.9569 7.84492)
(143.469 72.9522 12.1559)
(83.5779 132.843 2.32197)
(77.2814 139.14 5.81305)
(83.5778 132.844 17.6781)
(94.8516 121.57 9.99914)
(77.2816 139.14 14.1868)
(105.725 110.696 17.6769)
(105.725 110.696 2.32307)
(129.219 87.2026 2.3231)
(129.219 87.2026 17.6769)
(140.34 76.0816 17.7277)
(140.34 76.0818 2.27251)
(123.187 93.2346 14.3444)
(117.466 98.9551 18.0042)
(123.187 93.2345 5.6558)
(117.466 98.9551 1.99539)
(128.862 87.5589 9.99993)
(134.432 81.9895 5.65679)
(134.432 81.9896 14.3434)
(83.4689 132.952 9.99995)
(89.1703 127.251 5.67609)
(94.726 121.695 2.31174)
(89.1703 127.251 14.3236)
(94.7259 121.695 17.6888)
(111.816 104.606 5.65417)
(111.815 104.606 14.3457)
(106.158 110.263 10.0001)
(100.575 115.847 14.3429)
(100.575 115.847 5.65692)
(143.581 72.84 16.6007)
(140.331 76.0905 14.3501)
(143.581 72.8406 3.39948)
(140.33 76.0911 5.64981)
(126.114 90.3069 16.7419)
(123.041 93.3804 17.6646)
(120.418 96.0034 16.2547)
(120.358 96.0632 12.1797)
(117.501 98.9204 14.2884)
(126.115 90.3068 3.25792)
(123.041 93.3804 2.33493)
(120.358 96.063 7.796)
(120.418 96.0032 3.74872)
(117.501 98.9203 5.70815)
(123.189 93.2326 9.99686)
(126.038 90.3835 7.75925)
(128.911 87.5099 5.68908)
(126.039 90.3826 12.2445)
(128.912 87.5099 14.3114)
(131.653 84.7685 3.78215)
(134.037 82.3843 2.34732)
(137.191 79.2307 3.27469)
(137.349 79.0722 7.76986)
(131.653 84.7685 16.218)
(134.037 82.3843 17.6529)
(137.352 79.0696 12.2509)
(137.192 79.2299 16.722)
(134.497 81.9246 10.0025)
(131.676 84.7451 12.1648)
(131.676 84.7455 7.82686)
(80.4163 136.005 16.7128)
(76.9609 139.461 17.6279)
(80.4161 136.005 3.28705)
(76.9608 139.461 2.37211)
(77.3126 139.109 9.99982)
(80.4807 135.941 7.78413)
(83.4447 132.977 5.69134)
(80.4725 135.949 12.2207)
(83.4438 132.978 14.3093)
(86.2266 130.195 3.74321)
(89.1556 127.266 2.02133)
(92.0959 124.325 3.74526)
(92.0237 124.398 7.82002)
(94.8563 121.565 5.69073)
(86.2265 130.195 16.257)
(89.1556 127.266 17.979)
(92.0237 124.398 12.2042)
(92.0962 124.325 16.2511)
(94.8563 121.565 14.3119)
(89.174 127.247 10.003)
(86.3126 130.109 12.1669)
(86.3112 130.11 7.82504)
(108.844 107.577 3.25787)
(111.901 104.521 2.3343)
(114.553 101.869 3.75634)
(114.655 101.766 7.83415)
(108.844 107.578 16.7423)
(111.901 104.521 17.666)
(114.656 101.766 12.1938)
(114.552 101.869 16.2377)
(111.828 104.593 10.0036)
(108.973 107.448 12.241)
(106.088 110.333 14.311)
(108.972 107.45 7.75543)
(106.088 110.334 5.68858)
(103.321 113.101 16.2178)
(100.907 115.514 17.6524)
(97.7984 118.623 16.718)
(97.7049 118.716 12.2252)
(103.321 113.101 3.78201)
(100.907 115.514 2.34742)
(97.7038 118.718 7.75307)
(97.7994 118.622 3.28585)
(100.531 115.891 9.99743)
(103.338 113.084 7.8352)
(103.337 113.084 12.1731)
(99.0154 87.6703 0)
(91.4595 115.593 0)
(78.2729 67.1605 0)
(86.0332 39.1957 0)
(79.6937 14.8188 0)
(99.976 35.4815 0)
(89.7318 25.2454 0)
(106.514 59.6839 0)
(126.937 80.1123 0)
(120.466 55.9792 0)
(110.229 45.7348 0)
(130.716 66.2284 0)
(78.2554 119.774 0)
(95.2658 101.663 0)
(109.198 97.8534 0)
(113.008 83.9207 0)
(102.765 73.6771 0)
(116.758 69.9276 0)
(76.9404 28.9705 0)
(96.2705 49.4401 0)
(82.3101 53.1566 0)
(92.5211 63.4333 0)
(88.7727 77.427 0)
(85.0332 91.412 0)
(81.3281 105.423 0)
(89.6311 122.1 0)
(98.0038 113.729 0)
(93.3809 108.659 0)
(100.384 106.774 0)
(107.354 104.377 0)
(102.262 99.7773 0)
(97.1406 94.6669 0)
(104.136 92.7915 0)
(106.012 85.7955 0)
(100.89 80.6737 0)
(107.887 78.799 0)
(120.003 82.0344 0)
(114.883 76.9242 0)
(121.879 75.0491 0)
(109.761 71.8023 0)
(104.64 66.6805 0)
(111.636 64.8057 0)
(133.448 78.2812 0)
(128.865 73.1754 0)
(135.806 71.3303 0)
(141.753 69.4712 0)
(136.865 65.2365 0)
(131.968 59.7821 0)
(113.51 57.8101 0)
(108.388 52.6884 0)
(115.349 50.8636 0)
(126.515 54.8888 0)
(121.618 49.501 0)
(116.992 44.8699 0)
(111.236 39.1119 0)
(125.58 61.0849 0)
(118.632 62.9315 0)
(123.754 68.0534 0)
(125.079 86.653 0)
(118.12 89.0355 0)
(111.122 90.9162 0)
(115.728 96.006 0)
(79.385 40.9296 0)
(80.9906 34.142 0)
(93.0223 37.3223 0)
(87.9019 32.2013 0)
(94.847 30.3613 0)
(106.598 34.4758 0)
(100.842 28.7174 0)
(96.2086 24.0933 0)
(90.8229 19.1943 0)
(85.93 13.743 0)
(80.4867 8.88577 0)
(76.6881 3.70656 0)
(84.6276 20.1324 0)
(78.3526 22.2184 0)
(82.8238 27.0845 0)
(105.1 40.6106 0)
(98.1448 42.4441 0)
(91.1488 44.3181 0)
(103.267 47.5659 0)
(101.392 54.562 0)
(84.1685 46.1719 0)
(77.597 47.6239 0)
(80.5712 60.1663 0)
(99.5177 61.5586 0)
(97.643 68.5552 0)
(85.5261 65.3055 0)
(90.6466 70.43 0)
(83.6793 72.3144 0)
(95.7682 75.5518 0)
(93.8935 82.5484 0)
(87.4007 58.311 0)
(94.3958 56.4367 0)
(89.2742 51.3145 0)
(92.0188 89.545 0)
(90.1442 96.5414 0)
(78.3664 92.862 0)
(83.1771 98.3958 0)
(77.1222 99.9964 0)
(88.27 103.538 0)
(86.3988 110.533 0)
(84.525 117.521 0)
(82.692 124.527 0)
(76.8582 126.637 0)
(80.3779 131.563 0)
(79.6363 112.278 0)
(80.1246 86.3874 0)
(86.8998 84.4251 0)
(81.835 79.3306 0)
(77.3549 74.2621 0)
(76.3255 137.926 0)
(77.225 135.899 0)
(88.5919 124.862 0)
(92.6286 120.715 0)
(90.4771 118.907 0)
(93.7963 117.881 0)
(94.7928 114.595 0)
(92.4144 112.136 0)
(95.8409 111.199 0)
(100.792 112.661 0)
(99.225 110.259 0)
(102.991 109.373 0)
(96.8497 107.717 0)
(94.3231 105.161 0)
(97.822 104.221 0)
(106.298 107.148 0)
(110.341 103.003 0)
(108.21 101.174 0)
(111.519 100.159 0)
(98.7637 100.723 0)
(96.2032 98.1648 0)
(99.7013 97.2261 0)
(105.741 98.8086 0)
(103.197 96.2841 0)
(106.686 95.3402 0)
(100.639 93.7286 0)
(98.0779 91.1685 0)
(101.576 90.2311 0)
(104.807 102.232 0)
(101.323 103.254 0)
(103.871 105.604 0)
(96.6256 116.686 0)
(102.514 86.7329 0)
(99.9527 84.172 0)
(103.451 83.2346 0)
(109.51 84.8582 0)
(106.949 82.2973 0)
(110.448 81.3599 0)
(104.388 79.7363 0)
(101.827 77.1754 0)
(105.326 76.238 0)
(116.507 82.9802 0)
(113.946 80.4221 0)
(117.444 79.4835 0)
(123.486 81.0756 0)
(120.94 78.5426 0)
(124.43 77.5994 0)
(118.381 75.9861 0)
(115.821 73.4258 0)
(119.319 72.4884 0)
(106.263 72.7397 0)
(103.702 70.1788 0)
(107.2 69.2414 0)
(113.26 70.865 0)
(110.699 68.304 0)
(114.197 67.3667 0)
(108.138 65.7431 0)
(105.577 63.1822 0)
(109.075 62.2448 0)
(112.322 74.3633 0)
(108.824 75.3007 0)
(111.385 77.8615 0)
(130.266 79.1346 0)
(127.896 76.6546 0)
(131.317 75.7239 0)
(136.21 77.2406 0)
(134.679 74.8005 0)
(138.383 73.9587 0)
(132.32 72.2444 0)
(129.799 69.6866 0)
(133.257 68.7879 0)
(141.519 71.8249 0)
(134.054 65.5172 0)
(131.518 62.9177 0)
(134.781 62.7291 0)
(139.343 67.2395 0)
(136.512 68.0062 0)
(139.006 70.3138 0)
(110.012 58.7467 0)
(107.452 56.1858 0)
(110.949 55.2494 0)
(117.001 56.8806 0)
(114.44 54.3212 0)
(117.903 53.4211 0)
(111.88 51.7614 0)
(109.319 49.1995 0)
(112.792 48.3107 0)
(123.776 55.2366 0)
(121.238 52.6563 0)
(124.388 52.3461 0)
(113.629 45.0203 0)
(110.979 42.3771 0)
(114.118 41.9988 0)
(119.013 47.4268 0)
(116.146 47.6469 0)
(118.628 50.155 0)
(129.038 56.953 0)
(126.252 57.7496 0)
(122.996 58.5528 0)
(128.846 60.2909 0)
(128.129 63.6725 0)
(119.557 59.4448 0)
(116.069 60.3724 0)
(112.573 61.3078 0)
(115.134 63.8687 0)
(117.695 66.4294 0)
(127.241 67.1281 0)
(126.311 70.6162 0)
(120.256 68.9903 0)
(122.817 71.5514 0)
(125.371 74.1093 0)
(121.193 65.4925 0)
(124.679 64.5651 0)
(122.115 62.0053 0)
(132.058 81.2729 0)
(129.232 82.4469 0)
(125.941 83.4434 0)
(122.545 84.4929 0)
(119.064 85.5113 0)
(115.566 86.4776 0)
(121.608 87.8877 0)
(124.012 89.4304 0)
(120.724 91.6402 0)
(112.068 87.4187 0)
(108.571 88.3562 0)
(105.074 89.2936 0)
(107.63 91.8522 0)
(110.161 94.3982 0)
(118.5 94.946 0)
(112.524 96.8605 0)
(114.337 98.9745 0)
(113.58 93.4609 0)
(116.954 92.5235 0)
(114.589 89.9755 0)
(128.038 85.2728 0)
(76.8842 41.1468 0)
(77.6562 38.6424 0)
(82.5949 40.117 0)
(80.2197 37.632 0)
(83.5124 36.6489 0)
(77.8138 35.4139 0)
(78.6068 31.6076 0)
(89.5258 38.2591 0)
(86.9704 35.7001 0)
(90.4622 34.7618 0)
(96.5119 36.3907 0)
(93.9496 33.8305 0)
(97.4011 32.9173 0)
(91.3895 31.2708 0)
(88.8301 28.7107 0)
(92.2885 27.8089 0)
(103.342 34.7278 0)
(100.686 32.0875 0)
(103.712 31.5926 0)
(93.0608 24.4659 0)
(90.4678 21.9408 0)
(93.3646 21.3221 0)
(98.2838 26.6979 0)
(95.5706 27.0742 0)
(98.0513 29.5761 0)
(77.0571 14.6525 0)
(77.9306 12.2833 0)
(82.8365 14.166 0)
(80.3801 11.6579 0)
(83.0085 10.9313 0)
(78.2213 6.37011 0)
(76.4972 7.83305 0)
(78.0668 9.50796 0)
(88.7576 16.6725 0)
(85.4299 16.8471 0)
(82.0265 17.5529 0)
(87.9529 19.4707 0)
(87.1583 22.7178 0)
(78.3109 18.3663 0)
(77.4111 25.4445 0)
(86.2726 26.1557 0)
(85.3479 29.6438 0)
(79.5777 28.0319 0)
(81.9228 30.5988 0)
(84.4277 33.1497 0)
(80.4431 24.5569 0)
(83.742 23.6032 0)
(81.2242 21.0598 0)
(108.648 37.0622 0)
(105.86 37.3556 0)
(102.527 38.0743 0)
(108.345 39.8636 0)
(107.635 43.1864 0)
(99.0709 38.9571 0)
(95.582 39.8846 0)
(92.0858 40.8201 0)
(88.5891 41.7565 0)
(94.6467 43.3812 0)
(97.2078 45.942 0)
(93.7096 46.8792 0)
(106.753 46.6401 0)
(105.826 50.1288 0)
(99.7687 48.5029 0)
(102.329 51.064 0)
(98.8314 52.0011 0)
(104.89 53.6251 0)
(103.953 57.123 0)
(100.706 45.0051 0)
(104.191 44.0792 0)
(101.631 41.5203 0)
(85.1042 42.6831 0)
(81.6789 43.5441 0)
(78.4468 44.051 0)
(80.7825 46.9812 0)
(83.2519 49.6561 0)
(79.9189 50.4815 0)
(78.9011 53.9635 0)
(81.3975 56.6707 0)
(78.0586 57.6827 0)
(77.9154 60.9988 0)
(79.7111 63.517 0)
(77.0601 63.4558 0)
(77.1792 51.1427 0)
(103.016 60.6212 0)
(102.079 64.1195 0)
(96.0194 62.496 0)
(98.5803 65.0569 0)
(95.082 65.9943 0)
(101.141 67.6178 0)
(100.204 71.1161 0)
(89.0233 64.3703 0)
(91.5839 66.9316 0)
(88.0865 67.8688 0)
(82.0286 66.2243 0)
(84.5978 68.8082 0)
(81.1626 69.783 0)
(87.1529 71.3685 0)
(89.71 73.9285 0)
(86.2185 74.8678 0)
(99.2665 74.6145 0)
(98.3292 78.1128 0)
(92.2701 76.4893 0)
(94.8309 79.0501 0)
(91.3328 79.9876 0)
(97.3918 81.6111 0)
(96.4544 85.1094 0)
(93.2074 72.9909 0)
(96.7056 72.0535 0)
(94.1447 69.4926 0)
(83.0123 62.7225 0)
(86.4685 61.8066 0)
(89.9611 60.872 0)
(83.9325 59.2417 0)
(84.8515 55.744 0)
(93.4586 59.935 0)
(96.9568 58.9977 0)
(100.455 58.0603 0)
(97.8941 55.4994 0)
(95.3332 52.9384 0)
(85.7845 52.2439 0)
(86.7197 48.747 0)
(92.7723 50.3774 0)
(90.2121 47.8157 0)
(87.6545 45.2513 0)
(91.8349 53.8757 0)
(88.3391 54.8115 0)
(90.898 57.3738 0)
(95.5171 88.6077 0)
(94.5797 92.1059 0)
(88.5221 90.4815 0)
(91.0817 93.0431 0)
(87.5856 93.9784 0)
(93.6424 95.6042 0)
(92.705 99.1025 0)
(81.6107 92.2808 0)
(84.1078 94.8969 0)
(80.7107 95.7391 0)
(77.5805 96.4312 0)
(79.8699 99.2417 0)
(82.2556 101.89 0)
(78.868 102.751 0)
(91.7671 102.601 0)
(90.8287 106.099 0)
(84.784 104.474 0)
(87.3354 107.036 0)
(83.8605 107.975 0)
(89.888 109.594 0)
(88.9445 113.084 0)
(85.7178 100.972 0)
(89.2078 100.039 0)
(86.6526 97.4737 0)
(88 116.548 0)
(87.0712 119.97 0)
(81.099 118.516 0)
(83.6147 121.006 0)
(80.298 122.036 0)
(86.1515 123.342 0)
(85.3003 127.077 0)
(77.3347 123.082 0)
(83.0983 130.386 0)
(77.5082 132.924 0)
(79.1748 134.552 0)
(78.4075 129.169 0)
(81.5685 128.038 0)
(79.439 125.552 0)
(78.238 115.962 0)
(81.9659 114.963 0)
(85.458 114.024 0)
(82.9435 111.456 0)
(80.5225 108.914 0)
(78.0201 106.501 0)
(77.8794 109.8 0)
(77.0259 112.294 0)
(76.8482 89.9753 0)
(79.3595 89.6714 0)
(82.5444 88.8461 0)
(77.6255 87.4453 0)
(77.7693 84.2303 0)
(85.9717 87.9204 0)
(89.4596 86.9841 0)
(92.9563 86.0467 0)
(90.3958 83.4861 0)
(87.836 80.9262 0)
(78.5456 80.3973 0)
(76.9263 77.8125 0)
(79.5217 76.7961 0)
(85.285 78.3691 0)
(82.7772 75.8193 0)
(80.3824 73.3049 0)
(78.3427 71.0101 0)
(84.3519 81.8747 0)
(80.9574 82.9005 0)
(83.4492 85.3827 0)
(117.51 42.5099 9.99998)
(83.5779 8.57788 2.32197)
(77.2814 2.28138 5.81305)
(83.5778 8.57783 17.6781)
(94.8516 19.8516 9.99914)
(77.2816 2.28163 14.1868)
(105.725 30.7252 17.6769)
(105.725 30.7252 2.32307)
(129.219 54.2188 2.3231)
(129.219 54.2187 17.6769)
(140.309 65.3095 9.99944)
(143.465 68.4645 7.84492)
(143.469 68.4691 12.1559)
(140.34 65.3398 17.7277)
(140.34 65.3395 2.27251)
(123.187 48.1868 14.3444)
(117.466 42.4663 18.0042)
(123.187 48.1869 5.6558)
(117.466 42.4662 1.99539)
(128.862 53.8625 9.99993)
(134.432 59.4319 5.65679)
(134.432 59.4318 14.3434)
(83.4689 8.46894 9.99995)
(89.1703 14.1703 5.67609)
(94.726 19.726 2.31174)
(89.1703 14.1703 14.3236)
(94.7259 19.7259 17.6888)
(111.816 36.8156 5.65417)
(111.815 36.8155 14.3457)
(106.158 31.1579 10.0001)
(100.575 25.5746 14.3429)
(100.575 25.5746 5.65692)
(143.581 68.5813 16.6007)
(140.331 65.3308 14.3501)
(143.581 68.5808 3.39948)
(140.33 65.3302 5.64981)
(126.114 51.1145 16.7419)
(123.041 48.041 17.6646)
(120.418 45.4179 16.2547)
(120.358 45.3582 12.1797)
(117.501 42.501 14.2884)
(126.115 51.1145 3.25792)
(123.041 48.041 2.33493)
(120.358 45.3584 7.796)
(120.418 45.4182 3.74872)
(117.501 42.5011 5.70815)
(123.189 48.1887 9.99686)
(126.038 51.0379 7.75925)
(128.911 53.9114 5.68908)
(126.039 51.0387 12.2445)
(128.912 53.9115 14.3114)
(131.653 56.6529 3.78215)
(134.037 59.0371 2.34732)
(137.191 62.1906 3.27469)
(137.349 62.3492 7.76986)
(131.653 56.6529 16.218)
(134.037 59.0371 17.6529)
(137.352 62.3517 12.2509)
(137.192 62.1915 16.722)
(134.497 59.4968 10.0025)
(131.676 56.6763 12.1648)
(131.676 56.6758 7.82686)
(80.4163 5.41627 16.7128)
(76.9609 1.96085 17.6279)
(80.4161 5.41607 3.28705)
(76.9608 1.9608 2.37211)
(77.3126 2.31263 9.99982)
(80.4807 5.48074 7.78413)
(83.4447 8.44474 5.69134)
(80.4725 5.47254 12.2207)
(83.4438 8.44376 14.3093)
(86.2266 11.2266 3.74321)
(89.1556 14.1556 2.02133)
(92.0959 17.0959 3.74526)
(92.0237 17.0237 7.82002)
(94.8563 19.8563 5.69073)
(86.2265 11.2265 16.257)
(89.1556 14.1556 17.979)
(92.0237 17.0237 12.2042)
(92.0962 17.0962 16.2511)
(94.8563 19.8563 14.3119)
(89.174 14.174 10.003)
(86.3126 11.3126 12.1669)
(86.3112 11.3112 7.82504)
(108.844 33.8439 3.25787)
(111.901 36.9008 2.3343)
(114.553 39.5528 3.75634)
(114.655 39.6551 7.83415)
(108.844 33.8438 16.7423)
(111.901 36.9008 17.666)
(114.656 39.6556 12.1938)
(114.552 39.5519 16.2377)
(111.828 36.8285 10.0036)
(108.973 33.9734 12.241)
(106.088 31.0879 14.311)
(108.972 33.9717 7.75543)
(106.088 31.0877 5.68858)
(103.321 28.3208 16.2178)
(100.907 25.9072 17.6524)
(97.7984 22.7984 16.718)
(97.7049 22.7049 12.2252)
(103.321 28.3208 3.78201)
(100.907 25.9071 2.34742)
(97.7038 22.7038 7.75307)
(97.7994 22.7994 3.28585)
(100.531 25.5307 9.99743)
(103.338 28.3378 7.8352)
(103.337 28.3375 12.1731)
(78.1767 16.6674 2.88766)
(84.0279 14.4265 3.90641)
(83.8202 32.5654 8.00841)
(86.3814 28.0217 7.54285)
(83.4611 28.4661 14.7548)
(86.087 19.602 7.89405)
(87.5607 18.7944 12.5664)
(78.9577 15.6618 7.06278)
(91.0581 31.987 8.25834)
(91.1895 23.7242 8.76518)
(84.1399 38.4995 8.45645)
(84.7512 31.9784 14.1238)
(82.5615 24.4717 3.34938)
(85.4781 21.9359 2.98957)
(82.4257 22.4318 6.92082)
(78.3257 29.4179 3.91693)
(78.2257 25.485 3.34815)
(77.5884 26.3301 6.73011)
(78.75 21.5429 3.18489)
(78.5681 22.2953 6.81988)
(82.0264 19.244 3.6041)
(87.3343 18.198 3.71213)
(81.4512 18.862 7.41164)
(83.5505 15.4565 9.53623)
(77.5023 18.893 5.41031)
(78.1082 18.4309 9.23167)
(78.7067 16.4997 12.3944)
(76.6799 19.8034 1.78964)
(86.281 123.453 9.15941)
(77.1194 6.65573 2.10767)
(96.087 45.8869 15.4068)
(92.0949 40.0843 15.2061)
(89.2018 43.9708 16.2428)
(84.3263 38.7686 15.6062)
(83.582 44.2814 16.1774)
(83.442 50.6227 16.4837)
(82.7153 45.1126 10.0097)
(89.267 49.8706 15.7277)
(94.8215 51.0825 16.4283)
(98.2074 49.3098 7.71493)
(90.6377 56.8656 16.2449)
(89.658 63.3598 15.9446)
(91.1867 52.2277 9.11757)
(85.1016 55.3264 15.4198)
(83.0596 62.5121 13.2325)
(82.7484 56.6392 9.52374)
(81.6913 50.0531 9.9049)
(79.4758 48.0828 15.6303)
(78.0949 51.8904 15.254)
(78.3166 55.8207 16.1181)
(97.8942 55.7509 14.6444)
(98.1358 56.0946 8.09461)
(84.2799 69.172 14.4924)
(83.8678 74.8882 14.5501)
(77.0685 13.3195 1.69121)
(80.9771 11.3925 3.04499)
(78.8482 11.5306 6.52547)
(76.373 23.993 43.1613)
(79.4723 31.7128 43.4079)
(77.8159 27.7272 9.62003)
(92.7557 32.652 14.6562)
(78.6702 30.6157 8.75156)
(97.0215 33.1121 9.14742)
(89.4505 39.655 9.28057)
(88.6882 46.365 8.85238)
(78.3999 34.0426 6.60561)
(80.3177 40.9464 16.5569)
(95.8821 36.952 16.3693)
(78.3207 43.9188 14.598)
(78.292 42.6729 4.26154)
(78.0348 61.4664 2.82609)
(92.0602 63.9478 8.38522)
(81.0832 61.195 3.58099)
(82.0884 56.8229 3.62816)
(81.8637 61.1293 7.78596)
(97.9057 62.5938 8.83675)
(92.0854 69.65 7.32334)
(78.7314 64.9541 2.68924)
(78.0784 64.1553 5.97647)
(78.0924 58.0095 2.94008)
(77.6468 60.6719 6.46487)
(76.7755 63.2562 2.93755)
(82.436 66.2792 5.06506)
(96.1158 67.9503 9.0665)
(91.0232 68.4056 15.0599)
(84.361 82.0956 14.752)
(78.2356 67.7241 3.68481)
(85.3982 49.2956 4.2432)
(79.5127 47.9572 3.91143)
(77.9628 33.733 2.76105)
(78.939 27.7081 16.1282)
(95.0876 25.2068 15.887)
(78.822 28.068 12.762)
(78.5975 15.3254 16.685)
(77.5092 134.023 2.92919)
(79.1705 131.172 4.09128)
(76.9476 50.963 17.9765)
(78.5868 53.5948 11.1067)
(78.908 11.8284 11.4661)
(80.1808 11.125 16.325)
(78.3571 24.3959 14.453)
(78.1123 19.6461 16.0483)
(79.1086 110.17 41.7993)
(90.6874 111.431 6.99622)
(84.6651 104.745 7.32326)
(85.8105 111.513 7.54583)
(89.9259 106.305 8.24158)
(84.0457 99.2752 8.34583)
(79.0054 111.649 3.41727)
(83.2632 113.126 4.08185)
(83.4056 116.792 7.66947)
(91.2608 111.105 12.3451)
(85.1406 110.948 14.6096)
(78.0059 111.44 7.24447)
(78.9767 115.547 3.55844)
(78.0638 118.092 6.24059)
(90.14 118.002 9.8079)
(87.1109 124.02 15.9446)
(84.1437 117.096 14.005)
(82.8552 93.7002 9.49879)
(85.2482 87.2532 9.30518)
(78.6011 91.0304 3.28164)
(81.8417 90.7631 3.91532)
(84.3413 88.1969 3.43724)
(90.2083 100.82 9.94606)
(89.7782 93.2936 12.4883)
(84.8952 92.9027 16.0907)
(78.4473 93.7326 3.73097)
(78.8896 91.5587 6.93436)
(84.1727 87.568 16.4653)
(77.3175 89.4973 2.45108)
(79.981 87.7304 3.09942)
(81.4081 88.0376 7.25869)
(95.4239 87.562 8.93325)
(77.7429 88.2218 6.51705)
(77.9874 80.2062 3.19963)
(78.3301 119.184 3.23249)
(77.7594 122.13 2.96153)
(81.8143 122.399 3.29972)
(81.9629 120.959 6.96839)
(78.3885 125.598 2.85413)
(78.0636 123.251 6.79841)
(82.366 125.468 7.7015)
(82.4975 80.698 3.85935)
(91.7158 74.5422 14.0283)
(90.4838 83.1814 8.84453)
(97.4845 80.6363 9.14358)
(103.199 80.3105 11.1088)
(90.7431 81.6663 15.2939)
(77.665 75.9121 3.12615)
(78.2376 79.6915 7.18749)
(83.1186 128.539 3.27012)
(79.1456 128.394 8.31698)
(77.0597 128.551 2.57811)
(78.3927 126.621 16.0342)
(83.3104 126.698 15.2556)
(78.6047 114.721 9.24833)
(78.1059 111.817 11.8609)
(98.4924 111.249 10.2485)
(89.7998 105.735 16.2701)
(84.6295 105.032 14.1026)
(85.627 98.1748 15.0218)
(78.0998 108.965 14.2687)
(77.9735 107.627 2.97809)
(78.5268 101.871 3.77264)
(78.8592 102.894 8.34319)
(94.9583 100.503 7.43801)
(90.1405 100.612 16.6411)
(78.4447 97.6058 6.38611)
(79.0822 98.9525 10.8648)
(97.7046 104.554 9.67211)
(78.582 105.846 5.89567)
(77.8663 107.269 9.02939)
(79.2712 109.728 31.6409)
(79.4728 109.622 33.8616)
(79.703 110.276 27.4578)
(81.2551 108.14 23.5393)
(79.2662 121.954 16.4243)
(77.8291 119.012 15.3044)
(82.0149 118.083 15.543)
(81.3313 77.3357 3.63927)
(82.4567 77.6559 8.23834)
(77.8705 71.3353 2.49041)
(78.1414 75.538 6.63175)
(85.4097 59.3789 3.68063)
(78.8056 54.8151 3.63465)
(78.3685 57.0884 6.87958)
(82.6676 52.082 2.93653)
(80.0559 52.4299 6.59746)
(77.9061 51.8147 3.20798)
(78.5574 73.0542 9.5159)
(78.3621 70.1211 6.45591)
(77.8999 63.1411 10.4102)
(78.8675 67.1914 9.8672)
(78.6926 60.5961 15.9464)
(83.4178 59.5386 17.2826)
(96.4251 65.6245 16.0185)
(101.978 62.5337 16.1029)
(77.0615 62.3299 18.0003)
(78.1872 64.597 14.987)
(81.9276 70.2131 2.94517)
(79.0319 72.4734 16.9108)
(96.3513 73.4119 15.5712)
(78.3272 72.3266 13.363)
(78.5847 68.5682 16.6037)
(81.9465 84.8494 3.32477)
(87.0205 84.2981 3.56445)
(83.138 82.5808 8.20496)
(78.5384 83.9016 6.41875)
(79.2311 84.8354 11.0733)
(77.3205 85.0925 2.52219)
(76.6809 54.1033 1.95632)
(78.786 78.6668 11.9563)
(90.4326 86.6873 15.6966)
(96.9898 86.3773 16.3805)
(104.016 86.5537 16.0551)
(78.2997 87.9562 16.6138)
(78.8431 90.0596 12.5865)
(97.4166 93.017 14.3307)
(102.081 90.0634 12.3449)
(78.7848 95.2386 12.695)
(78.3322 95.0797 17.3712)
(79.0386 91.9234 16.4421)
(78.2001 94.2079 8.91969)
(77.6501 9.76352 2.6116)
(77.8689 79.257 16.6729)
(82.4972 78.9561 16.9991)
(79.0061 83.8964 16.3009)
(94.2926 114.417 16.038)
(92.1831 119.061 16.3133)
(123.161 55.9435 10.3368)
(125.764 61.8931 15.235)
(110.818 53.9819 15.5847)
(115.327 54.7801 15.8084)
(120.429 63.8213 16.4543)
(120.102 61.8013 8.05248)
(101.766 97.694 15.4743)
(98.8328 113.251 16.9641)
(96.6539 98.6581 14.2715)
(103.537 106.193 15.5299)
(101.845 110.449 16.7655)
(94.142 108.564 15.5186)
(98.3074 107.568 16.4916)
(109.042 91.0086 15.4793)
(104.373 101.624 9.08078)
(94.6935 103.385 15.9299)
(108.973 86.1407 16.6531)
(111.866 93.6073 8.80626)
(107.943 102.271 15.8976)
(120.669 88.2326 16.3619)
(114.33 86.3147 15.6098)
(115.087 87.7754 8.79842)
(106.676 80.9462 15.6131)
(107.666 79.6258 8.11052)
(107.581 86.1721 9.26554)
(100.854 84.6233 9.7461)
(104.42 93.5997 16.6572)
(96.1521 80.539 15.2408)
(101.428 75.9571 15.4832)
(103.804 75.2651 7.89184)
(100.311 102.669 16.5125)
(112.681 81.0018 16.2612)
(109.057 76.6909 14.0755)
(108.049 74.799 6.88373)
(100.339 68.0427 14.896)
(101.02 82.6931 16.5341)
(97.1688 72.3016 8.02786)
(123.05 77.7266 15.7899)
(116.368 75.5429 15.5262)
(112.664 81.2659 8.8693)
(112.915 69.1851 15.3609)
(120.194 70.6928 16.1522)
(112.112 74.2442 8.19388)
(102.001 69.1021 8.47289)
(126.924 82.0601 12.2655)
(128.985 81.1874 7.38952)
(118.991 82.119 9.92648)
(120.656 89.3462 8.1599)
(127.674 73.6567 16.6255)
(120.899 73.8518 8.97694)
(118.655 82.1092 16.6366)
(125.657 67.7979 16.1267)
(127.239 74.1493 9.52534)
(136.693 68.1232 15.0292)
(127.737 67.9629 8.48229)
(121.059 67.2522 9.70605)
(135.669 74.3123 10.3721)
(114.862 62.103 15.8811)
(112.603 68.2484 7.69614)
(110.264 60.5931 15.5861)
(107.825 70.0286 9.23577)
(107.768 73.3929 16.953)
(110.091 63.4185 9.38258)
(102.83 55.6085 16.2071)
(103.405 61.3376 9.47596)
(104.302 70.0764 16.3238)
(114.96 63.1648 7.37645)
(108.454 50.284 16.534)
(109.538 56.8398 8.44741)
(102.052 50.4244 15.7452)
(104.103 55.735 8.69173)
(106.446 64.9627 15.5013)
(130.775 78.9516 15.9942)
(135.193 68.1764 8.67373)
(132.769 71.3581 15.8673)
(127.655 59.6112 9.47336)
(132.289 62.8321 15.4536)
(110.918 43.5935 15.8817)
(115.124 48.091 15.1438)
(108.095 49.5013 10.6342)
(103.211 43.5831 16.3602)
(102.441 51.5675 8.06273)
(106.29 58.3828 16.3319)
(114.919 58.2866 9.70464)
(117.665 48.8054 9.4904)
(108.935 42.3671 9.3063)
(120.002 52.8557 15.8761)
(124.475 54.6719 16.3557)
(106.115 37.87 15.7678)
(101.919 44.1959 9.50883)
(103.166 36.951 8.22111)
(119.448 57.9317 15.5931)
(125.385 84.4651 16.1481)
(79.4561 30.2348 22.5539)
(79.5891 37.378 15.2035)
(78.5802 31.0145 17.5877)
(78.0399 33.8887 16.0676)
(81.6769 34.208 14.7468)
(77.9883 36.8903 12.1958)
(79.1899 40.7726 11.4597)
(97.6997 31.0559 16.0851)
(89.6203 35.8791 17.0827)
(95.3605 38.0828 8.22949)
(94.6054 43.9875 8.22749)
(90.9288 28.9016 17.1712)
(101.884 33.9625 15.8251)
(89.3848 22.2674 16.2967)
(86.8337 31.5584 16.6191)
(85.5314 34.6922 16.0215)
(82.2516 31.1078 12.2373)
(82.301 34.1357 11.4948)
(80.2082 29.9574 24.6467)
(80.3561 30.6093 27.0822)
(78.0128 31.0455 13.8922)
(78.8492 33.837 11.0212)
(86.7524 28.0567 16.916)
(88.0033 29.0933 12.3333)
(81.6639 25.44 13.9962)
(81.6585 22.7601 17.0466)
(84.6485 17.1246 16.529)
(80.6087 21.0882 11.4283)
(98.9688 40.9704 15.8158)
(105.904 47.2608 16.6664)
(89.0105 73.207 17.1717)
(88.4998 79.0014 16.642)
(95.7451 59.4038 16.5682)
(93.2937 91.3229 16.7351)
(92.6177 96.8564 16.5193)
(81.7949 95.8557 17.194)
(84.6822 102.812 16.5092)
(82.051 106.907 14.9776)
(82.5268 103.189 12.081)
(77.4433 102.38 15.3089)
(86.1759 106.027 16.4308)
(79.8162 109.028 21.7554)
(80.5282 108.412 19.426)
(83.1736 109.786 12.9184)
(78.1186 105.646 15.6034)
(86.0834 107.945 12.0483)
(89.2883 115.209 15.8894)
(78.9904 131.023 16.1048)
(110.391 97.9629 14.7645)
(115.21 95.9067 16.1927)
(117.716 92.0803 14.2449)
(80.8371 113.848 15.2887)
(78.9692 118.157 12.8428)
(83.6972 114.269 14.8087)
(78.2568 111.874 16.0739)
(78.5037 115.031 12.4925)
(82.3705 112.637 12.9546)
(87.3351 109.488 15.1598)
(86.8522 103.278 12.6982)
(89.7406 110.944 16.8252)
(86.3933 112.675 15.8384)
(78.8777 106.038 12.2264)
(81.3441 100.18 16.0095)
(84.0104 106.538 17.7868)
(82.0336 107.06 9.96403)
(85.6536 115.408 16.8561)
(77.944 98.9071 16.7122)
(78.489 75.8275 17.0263)
(79.1928 31.0246 39.6885)
(81.5636 28.0548 43.6619)
(79.5462 28.6643 43.2698)
(81.4959 30.0459 43.6809)
(81.3098 27.9401 41.9398)
(81.281 28.2216 39.9985)
(79.9143 31.3972 37.3319)
(80.0862 31.3373 33.1395)
(80.2302 26.0725 43.5041)
(79.8306 26.0201 38.8551)
(77.806 24.6457 41.0993)
(80.1216 26.1116 41.3217)
(78.8254 28.0478 40.7375)
(81.6145 29.9637 40.2102)
(81.6609 29.9299 38.5866)
(80.003 31.7722 31.2359)
(79.2494 29.1677 37.7459)
(81.2989 32.2284 38.395)
(81.4652 31.7461 40.1693)
(81.3585 29.8988 41.8863)
(78.1747 24.5112 43.3698)
(77.5407 27.6021 43.037)
(81.5312 28.0926 27.0124)
(79.8113 28.827 26.8507)
(77.5103 27.72 26.6235)
(81.5904 30.0573 25.8563)
(81.4369 28.0786 29.3031)
(81.3687 28.2656 25.298)
(80.316 26.6249 25.5718)
(81.1428 28.0789 23.7506)
(78.5341 28.224 24.4165)
(81.6787 29.9653 23.8633)
(81.6008 28.4226 22.1232)
(79.771 25.7838 23.7843)
(79.954 27.0955 22.0213)
(85.2291 25.0853 17.125)
(85.8269 24.3451 12.3879)
(83.141 26.7516 17.5209)
(82.3929 27.884 10.5872)
(80.1526 26.3623 20.1374)
(81.1491 28.1531 20.5834)
(78.6869 28.7904 19.5778)
(81.3585 30.0905 20.6092)
(80.9544 28.2456 18.3121)
(79.4231 24.5284 20.888)
(83.0346 24.4604 9.64292)
(77.3971 24.3943 21.475)
(79.931 25.1897 22.1342)
(78.3629 25.0216 18.4666)
(81.0958 25.5834 18.0417)
(78.8 25.0172 9.98727)
(83.7709 29.2884 17.7257)
(81.6115 30.4067 18.4454)
(81.6697 30.4441 22.397)
(81.4838 31.7888 22.146)
(77.6762 24.2289 24.5708)
(78.0904 22.1319 17.7562)
(77.7356 24.391 27.0052)
(80.043 26.1469 27.4933)
(81.573 29.983 28.0071)
(79.3534 28.5164 29.8516)
(81.2964 32.1303 28.3311)
(81.2127 30.1431 29.603)
(78.4104 24.3681 31.1025)
(77.9712 24.9484 32.8612)
(78.2678 24.3136 34.9289)
(78.5104 26.5936 35.4091)
(78.2207 24.5782 37.6467)
(77.5743 27.1078 38.0594)
(81.3221 28.0595 31.1434)
(80.3367 27.8794 33.6829)
(81.6109 30.1492 31.2165)
(79.2855 30.1549 31.3481)
(81.4659 32.1406 32.1753)
(81.536 30.31 32.8626)
(81.0613 27.8701 37.1159)
(81.699 30.1024 37.0541)
(81.6546 27.9776 35.4726)
(81.4043 29.9496 35.1239)
(80.1669 25.9808 31.8024)
(77.8064 24.2085 29.3468)
(80.2819 26.0612 29.7089)
(77.5426 26.7664 30.2287)
(77.5639 35.217 43.3373)
(77.4879 32.9111 43.614)
(76.9173 30.6523 43.4624)
(81.4158 32.3111 43.7415)
(80.2422 34.1091 43.5379)
(77.7473 35.6299 41.1104)
(77.4342 32.5615 41.4745)
(79.9299 33.9842 41.3239)
(81.2046 31.9686 42.0078)
(78.7116 30.469 41.7846)
(79.5507 34.2187 38.8249)
(77.6266 35.8423 26.0319)
(78.5331 35.1093 24.3307)
(77.4167 35.8829 22.3204)
(80.04 38.2643 17.811)
(81.4779 37.1831 12.2142)
(81.7044 35.7475 8.89066)
(78.5441 37.8234 7.90175)
(77.8522 35.4447 20.1299)
(77.1337 38.3841 18.0448)
(78.3575 32.2354 20.5994)
(77.851 36.5061 17.6657)
(80.3269 33.8508 20.5804)
(79.6623 35.1035 22.3854)
(81.0567 36.1577 17.5753)
(79.9003 33.4532 22.4664)
(77.3509 40.6246 17.8917)
(77.4078 39.4926 15.3494)
(81.4502 32.0479 26.5682)
(78.8891 31.6027 25.5596)
(81.2589 32.2171 25.2166)
(81.0564 32.1694 23.7247)
(86.2574 34.7825 12.0513)
(83.5989 33.975 17.9511)
(81.3649 32.3028 20.8129)
(81.5487 32.501 17.6839)
(80.5797 32.1977 19.2645)
(83.5871 31.3709 18.1832)
(83.2082 31.6186 16.031)
(80.8496 30.4992 15.6858)
(79.9247 34.3586 18.3744)
(78.7667 31.0685 28.7521)
(81.3585 32.0348 30.1213)
(79.7412 33.8426 29.4832)
(79.679 34.1396 26.7487)
(77.6784 35.7591 28.939)
(77.3834 32.2439 32.5754)
(81.3425 31.9866 34.0833)
(80.0345 34.0442 36.1885)
(81.4431 31.9027 36.1845)
(77.3885 31.4868 36.4858)
(79.4521 31.6396 35.0775)
(77.4611 35.9217 32.3244)
(78.3185 35.2149 34.7325)
(77.5997 35.6972 37.9293)
(79.9278 33.9781 32.778)
(79.836 109.077 39.6184)
(81.3876 108.104 43.4232)
(79.4506 108.153 43.2168)
(81.4217 109.978 43.5607)
(81.4927 112.063 43.6129)
(81.2263 108.202 41.9782)
(81.3802 108.237 40.2907)
(81.1166 109.94 36.7187)
(80.1859 106.095 43.5086)
(79.3222 105.792 39.26)
(78.2848 104.404 41.0988)
(80.218 106.141 41.4341)
(78.285 108.019 40.7933)
(81.5259 110.071 40.538)
(81.2398 107.808 38.7513)
(81.4339 110.211 38.6521)
(77.8551 109.792 38.5149)
(80.9179 112.458 39.8981)
(81.8649 110.039 41.9805)
(81.2077 111.968 41.9546)
(76.1532 103.371 43.5211)
(76.3341 103.413 41.4281)
(77.8834 104.551 43.1293)
(77.85 106.517 42.035)
(81.4872 110.036 26.7322)
(77.3948 110.02 26.973)
(78.302 112.631 26.7211)
(78.903 109.54 24.2996)
(81.4048 111.763 26.9023)
(81.5439 111.806 25.3346)
(81.4818 108.054 26.5059)
(81.2324 107.802 25.0361)
(81.7247 109.994 28.3325)
(81.6251 110.066 30.1394)
(81.6197 109.938 25.1843)
(81.6204 110.007 23.7197)
(79.6592 108.423 26.3569)
(77.5432 107.037 26.4264)
(81.2764 108.234 28.3612)
(78.3441 107.288 24.0132)
(80.1256 105.962 24.3818)
(81.4868 108.111 21.6298)
(81.1904 111.775 23.8673)
(78.8895 111.231 22.5788)
(81.6504 110.098 22.2119)
(77.3776 107.974 21.7028)
(80.366 106.527 20.7308)
(82.178 107.73 17.929)
(78.695 104.694 20.8535)
(82.4173 104.932 17.9681)
(77.95 104.36 22.8215)
(77.5717 104.512 19.2891)
(80.7063 106.322 17.6983)
(79.6864 109.41 11.1818)
(78.1368 102.551 12.3465)
(80.7964 103.774 16.0994)
(83.9419 108.386 18.5141)
(84.4249 108.78 16.0438)
(86.4385 108.609 18.005)
(81.5565 110.017 18.816)
(80.2962 109.246 16.8823)
(84.3154 109.834 18.0084)
(81.8536 116.15 11.9002)
(82.3015 112.26 9.71075)
(77.605 107.992 19.3881)
(78.9172 110.748 19.6373)
(78.3036 108.322 17.2893)
(80.6841 112.351 18.7963)
(82.6381 109.586 17.4503)
(81.1487 110.369 14.7847)
(79.753 106.415 19.2207)
(81.2904 111.896 21.4501)
(81.6707 110.056 20.5673)
(77.6424 104.289 27.4478)
(78.2068 104.737 29.8834)
(77.1316 101.643 18.037)
(77.0324 103.659 17.7114)
(78.6482 105.427 17.8302)
(79.227 102.578 17.9011)
(80.1665 106.007 22.3183)
(78.2285 104.484 25.4233)
(80.2461 106.163 26.4068)
(80.1768 106.279 28.4207)
(81.1437 107.973 30.7323)
(78.2816 104.667 32.8392)
(78.1493 104.716 35.5753)
(77.5507 104.272 37.9846)
(78.9068 111.227 29.6361)
(81.2075 112.098 28.6969)
(81.5041 109.934 32.3232)
(79.1378 106.719 31.7423)
(80.8445 107.434 33.3672)
(81.4649 111.541 30.9124)
(81.7493 107.836 37.2256)
(80.0422 106.774 37.012)
(77.7973 108.249 35.6901)
(81.1573 112.561 37.3449)
(80.9979 107.772 35.4353)
(81.5589 109.875 34.5466)
(78.1064 107.718 29.1782)
(77.8681 115.692 43.3331)
(76.5959 113.58 43.6395)
(77.29 106.498 43.8234)
(77.5282 111.876 43.2334)
(79.964 114.051 43.5241)
(79.768 111.709 43.4141)
(76.4862 110.132 43.3525)
(76.7949 108.138 43.2139)
(77.4858 115.587 41.2568)
(79.3219 113.953 41.37)
(78.3268 115.245 38.1271)
(77.7414 115.617 24.5741)
(77.691 115.133 22.5443)
(83.0123 122.027 16.7352)
(86.97 119.312 15.9406)
(83.4491 120.051 12.0634)
(79.136 122.627 12.2212)
(79.4795 115.234 20.9448)
(80.0556 118.444 17.8281)
(78.3985 118.681 9.31389)
(77.327 115.984 20.6517)
(77.5875 116.596 17.9977)
(85.6232 115.901 11.9335)
(81.037 115.735 17.8157)
(77.6017 119.835 17.7471)
(79.5758 111.246 25.4543)
(80.2894 113.782 25.7968)
(79.9306 113.572 23.6817)
(83.0789 113.383 17.81)
(81.7011 111.49 17.1714)
(83.5679 111.198 18.401)
(85.6858 111.314 17.7317)
(86.8757 112.631 12.6004)
(83.4361 111.475 16.0358)
(79.8544 113.398 20.809)
(79.7983 114.858 22.3785)
(78.6775 114.271 18.6027)
(77.9764 115.864 15.3339)
(80.2714 113.803 27.967)
(77.7401 115.648 27.113)
(81.4573 112.267 32.514)
(79.6881 112.115 33.1365)
(77.1779 111.686 32.881)
(81.2655 111.926 34.0441)
(80.0066 113.862 35.2226)
(77.2013 112.643 35.5974)
(81.5178 111.548 35.7205)
(77.9977 115.64 35.616)
(79.0246 112.418 37.7261)
(79.546 111.303 35.3505)
(77.793 115.52 33.5492)
(77.5392 115.424 31.4638)
(79.9927 113.94 31.8838)
(78.2556 115.342 29.4992)
(80.3336 114.079 29.808)
(128.21 83.401 3.66342)
(90.0497 121.157 3.7625)
(92.3484 117.767 3.1299)
(97.264 113.086 3.76362)
(92.417 109.369 3.17221)
(101.335 111.395 3.49853)
(95.0308 107.266 2.67538)
(94.9359 108.086 7.06591)
(98.4535 107.879 3.55966)
(102.742 107.62 4.6106)
(92.7585 104.381 4.32814)
(98.6759 99.5278 2.62424)
(99.1248 100.097 6.28606)
(100.262 103.285 3.62639)
(97.4557 96.7238 3.01837)
(105.604 97.5496 3.47008)
(104.461 94.2657 2.75539)
(105.157 94.3454 8.26701)
(98.3554 93.7824 2.74863)
(98.8484 95.2238 7.62634)
(101.382 92.4544 3.49771)
(101.492 96.8178 3.75844)
(108.029 101.744 3.99701)
(103.596 101.064 3.30172)
(105.697 104.925 3.13593)
(96.6019 103.171 3.67651)
(94.1745 115.639 6.02565)
(102.821 86.448 3.12374)
(99.3614 83.7481 3.85026)
(107.119 85.4894 3.19692)
(109.009 81.7803 3.86479)
(101.728 79.307 4.56005)
(106.323 78.8064 3.66366)
(103.764 76.5697 2.84402)
(104.437 82.481 4.4196)
(114.688 81.1066 3.43591)
(120.187 85.0402 4.02278)
(116.551 77.144 5.32755)
(119.803 79.9073 3.31852)
(124.683 77.6158 3.14922)
(123.05 78.4102 7.56434)
(120.277 75.4265 3.63014)
(117.148 73.5829 2.68613)
(104.598 72.4734 3.60925)
(108.94 71.647 3.7579)
(105.134 68.0416 3.43979)
(115.474 70.7664 2.69708)
(116.503 71.8174 7.25372)
(112.958 65.4664 3.58376)
(112.723 69.6867 3.59477)
(107.267 64.2926 2.47103)
(106.208 64.6234 6.43575)
(110.218 61.5501 4.00913)
(106.774 61.2973 2.49353)
(109.335 66.908 3.89688)
(112.987 73.6067 3.09212)
(111.12 77.5874 3.37217)
(107.053 75.3946 3.00757)
(132.252 79.9889 3.31329)
(128.427 79.9038 2.62096)
(128.984 76.7556 3.29529)
(132.278 75.5816 2.62952)
(132.891 76.9817 6.47036)
(132.094 71.175 4.44341)
(135.394 70.4288 2.60361)
(140.408 70.7225 3.13677)
(137.141 70.7917 5.8883)
(135.555 66.0839 3.29949)
(136.624 74.5844 3.06756)
(132.502 62.9567 3.54869)
(131.926 63.5733 8.5776)
(141.448 70.7002 7.81287)
(107.261 58.358 2.39843)
(106.839 59.6935 5.79752)
(109.724 57.1876 3.41352)
(110.679 53.4318 3.27318)
(118.286 54.2944 3.00771)
(118.934 53.246 8.21937)
(115.286 51.5852 3.44212)
(112.798 52.0748 8.96562)
(111.685 48.2548 4.34683)
(113.978 57.0332 3.88517)
(123.146 54.2197 4.10668)
(126.563 57.6809 3.5569)
(113.715 44.4683 2.75113)
(113.626 44.9635 8.32266)
(116.611 47.6863 3.53089)
(119.874 50.0913 3.20137)
(122.366 59.6938 3.79281)
(130.095 59.9784 3.15017)
(119.215 57.2312 4.72626)
(117.535 60.2781 3.61558)
(116.476 63.8265 2.92753)
(117.651 67.2401 4.02287)
(113.774 61.213 2.72634)
(129.763 66.7289 3.74705)
(124.411 69.5799 4.03865)
(128.397 70.0223 2.91366)
(119.84 70.7159 3.79879)
(123.385 73.495 3.59704)
(127.87 73.0499 4.07651)
(122.931 65.8675 3.50806)
(119.962 63.1914 2.7291)
(126.398 62.808 4.0799)
(123.986 82.1729 3.73757)
(125.939 86.0638 2.90614)
(124.563 85.6028 8.72193)
(115.136 85.2991 3.68156)
(116.443 88.442 3.28709)
(119.943 89.5309 3.21007)
(123.281 89.1261 2.99019)
(111.284 85.0538 3.63644)
(105.776 90.0108 3.67587)
(100.619 89.1105 6.18822)
(111.442 90.3957 3.60049)
(108.434 94.3747 3.70673)
(110.563 98.5066 5.04165)
(114.165 96.5592 3.57254)
(117.04 92.8287 3.79833)
(85.9769 35.308 3.26088)
(82.324 31.7948 3.80597)
(81.5196 36.8951 3.87029)
(77.6276 37.6681 3.13225)
(89.0016 38.3828 2.88379)
(88.7898 35.7001 6.23798)
(92.8771 37.6538 2.97724)
(90.4006 33.6983 2.97908)
(98.9497 33.7083 4.02674)
(94.9578 31.1723 3.58482)
(94.6017 34.6754 4.29126)
(87.4058 30.9846 3.61879)
(88.3314 25.3223 3.30826)
(91.5728 28.4591 3.81667)
(93.3572 23.8412 3.48145)
(102.501 33.5625 3.09241)
(90.7336 20.9299 3.38225)
(96.3589 26.8018 3.20157)
(96.1902 27.8701 9.46481)
(102.239 30.6235 2.68019)
(99.0877 29.2183 3.14641)
(84.4336 27.9478 3.22532)
(81.3204 26.9319 6.91344)
(85.9129 24.1222 6.5566)
(105.115 35.6489 3.22522)
(101.47 36.8542 2.90667)
(103.379 40.4388 3.31497)
(107.901 37.8424 3.92024)
(110.519 41.5202 4.02261)
(97.5066 37.516 3.39427)
(99.6061 40.4996 4.1169)
(85.4463 40.4977 4.32215)
(98.823 45.1235 3.55799)
(90.3644 47.5641 3.32808)
(90.7286 52.4288 3.42576)
(94.3379 44.5578 2.7757)
(95.635 41.1081 3.1473)
(104.399 48.7949 2.45345)
(104.249 48.0145 6.07861)
(106.988 51.6006 4.51689)
(107.661 46.5733 3.40323)
(100.942 50.0335 3.03201)
(97.6948 49.913 2.72813)
(106.604 55.6089 3.61595)
(103.233 55.1955 3.47726)
(103.443 51.8847 3.04741)
(102.746 45.8505 3.0715)
(106.273 42.423 4.33307)
(82.4219 45.0545 3.14985)
(80.5812 42.4115 7.01201)
(103.634 62.8142 3.3078)
(100.674 59.0802 4.49005)
(99.1525 62.7543 3.50531)
(94.0506 62.2669 3.55801)
(97.6106 66.1165 3.10048)
(101.409 69.5851 2.78171)
(100.26 73.0261 4.07658)
(101.339 65.8799 4.48946)
(89.2113 62.0398 3.53385)
(89.7782 66.2051 3.23399)
(87.4177 66.2182 8.16482)
(88.6201 72.4775 2.81306)
(88.3141 72.4425 7.21058)
(85.2353 73.1082 3.04987)
(85.8006 69.1507 3.50718)
(89.2849 75.9145 3.69401)
(88.9189 69.3988 3.73365)
(100.789 76.0757 3.2356)
(97.5543 76.3082 2.57218)
(98.4353 76.5887 7.08395)
(94.3909 76.3763 3.577)
(91.3667 80.0978 3.42222)
(93.1273 77.3142 8.49414)
(95.049 82.7435 4.2793)
(97.2926 79.4805 3.83749)
(92.0768 73.4057 3.8285)
(96.8395 73.4117 3.03936)
(98.1948 69.8334 4.22463)
(92.0166 69.9853 3.10172)
(93.9876 66.8961 3.72051)
(94.9011 70.6224 3.60208)
(85.7487 63.5744 3.87678)
(90.9893 57.5688 3.72475)
(86.3636 54.4218 4.39662)
(87.688 59.7321 8.90621)
(96.7111 58.7802 3.33541)
(93.3942 58.949 9.76716)
(104.184 58.753 3.34521)
(95.0368 53.8505 3.77186)
(99.571 54.2742 4.04566)
(94.6999 48.798 3.48717)
(86.4097 44.9808 3.41158)
(90.7099 42.6072 4.03329)
(96.399 86.9979 3.59145)
(92.1967 90.3933 3.27896)
(97.3619 90.4856 3.57975)
(87.0219 91.7173 2.94339)
(87.5552 95.2678 4.64059)
(85.3817 90.941 6.51645)
(93.9695 93.787 4.74164)
(94.9963 98.6018 3.76444)
(91.5394 97.1077 2.9633)
(92.6354 97.2784 7.47254)
(81.948 99.3166 3.62428)
(82.3687 94.646 4.13361)
(87.1711 99.6531 3.83117)
(82.2046 103.603 3.42313)
(77.692 97.9001 2.81126)
(89.2424 103.043 3.58206)
(85.9941 105.157 3.01056)
(85.6669 108.854 4.00619)
(82.223 107.612 3.11167)
(88.0924 111.676 3.0154)
(91.9439 113.152 2.76315)
(89.0479 107.527 2.96381)
(92.1815 100.557 3.70876)
(86.4251 119.379 3.7173)
(82.458 117.916 3.48171)
(85.5633 124.747 4.65319)
(87.8922 115.194 3.93374)
(81.3836 109.21 6.55818)
(88.2194 88.2164 3.29334)
(90.1 89.1449 7.40259)
(92.3538 85.8799 3.22335)
(86.7167 79.9598 4.27442)
(85.0995 76.4317 3.96288)
(87.6661 77.9073 9.31387)
(81.2824 73.9423 3.1091)
(83.0211 72.53 7.20395)
(101.236 30.8671 7.72844)
(75.5804 22.683 37.3732)
(128.019 85.6307 18.4987)
(76.0644 116.818 25.1207)
(89.4952 124.684 18.52)
(75.9374 2.31071 18.8422)
(122.535 50.6465 17.7644)
(77.1512 51.6365 1.32321)
(77.1014 111.266 1.36989)
(76.1418 138.791 18.9456)
(143.172 69.8886 18.8102)
(112.717 102.382 18.7632)
(75.9878 2.48332 14.9)
(76.6867 84.1342 0.845322)
(78.771 7.24693 18.2282)
(75.8348 33.5895 44.0177)
(79.3506 35.36 44.0349)
(75.8762 36.9199 44.0843)
(99.102 114.792 2.06586)
(76.0799 8.55901 18.9934)
(120.663 92.9387 2.32554)
(76.484 96.2421 18.0862)
(75.6031 22.7063 30.4427)
(75.9534 22.981 44.0172)
(75.9877 36.7731 30.4353)
(76.5148 71.4319 18.5309)
(75.9014 36.8917 28.207)
(76.7565 59.9518 18.404)
(75.7334 117.361 21.6331)
(78.4968 103.612 44.2506)
(76.0928 117.106 44.3303)
(76.2305 105.114 44.1535)
(106.983 106.334 18.0223)
(78.6363 116.33 44.3326)
(128.977 84.6944 1.6872)
(75.6693 102.874 30.6281)
(132.238 81.7514 17.8905)
(75.9968 36.8237 23.2288)
(135.891 77.9711 18.7244)
(76.4804 125.393 18.4741)
(107.581 35.1498 1.74394)
(115.58 99.2237 18.7287)
(78.5369 23.6203 44.2801)
(117.424 45.2172 2.14487)
(77.0323 94.8103 1.78759)
(75.5454 102.683 25.6917)
(86.4359 126.428 2.14867)
(76.005 138.868 9.21215)
(79.8668 134.941 18.497)
(117.702 95.9087 2.28861)
(107.757 106.391 1.63106)
(75.5652 22.7116 23.3154)
(76.1062 2.37502 7.29153)
(110.393 38.68 1.70688)
(76.6117 56.727 18.5705)
(76.5675 68.2989 18.3895)
(75.6658 102.582 21.8093)
(139.621 67.5984 1.47492)
(76.0385 28.922 43.7715)
(128.732 56.1106 2.22805)
(85.6635 13.3295 1.65401)
(77.0772 101.147 1.82043)
(76.4522 87.8466 1.56724)
(83.7329 10.6198 1.73738)
(127.687 56.0777 18.1068)
(76.5961 128.411 0.956099)
(81.2321 113.378 44.0932)
(76.6338 43.6092 18.0933)
(121.501 48.5456 1.39423)
(75.6474 37.1499 34.9771)
(75.9202 139.086 3.68901)
(76.9788 82.6755 18.3644)
(75.5098 117.311 36.2833)
(76.4763 16.1955 18.5557)
(76.348 118.671 18.8159)
(79.4051 6.9891 1.44107)
(75.8499 36.9641 41.3681)
(82.2209 108.727 44.2801)
(95.8211 118.443 2.27007)
(125.008 88.3292 18.2073)
(76.8926 18.3859 0.779168)
(132.878 60.3885 1.50006)
(76.4778 3.53519 2.48178)
(77.132 23.5006 1.60842)
(139.514 66.4006 18.5336)
(76.9555 41.1664 1.9418)
(82.0611 9.61384 18.5824)
(75.7313 22.907 41.4187)
(76.5047 62.0527 1.1894)
(76.5647 8.64274 1.17437)
(76.1357 77.1118 18.366)
(76.4876 122.828 1.12951)
(75.7601 37.1647 37.6393)
(76.9692 45.7376 1.76163)
(75.867 102.692 39.9052)
(76.9706 116.802 1.60143)
(76.8023 78.7694 1.39469)
(76.4717 134.261 1.22572)
(111.47 37.509 19.1102)
(132.094 60.5161 18.1855)
(134.955 77.749 2.33257)
(76.1834 138.494 15.6154)
(120.979 93.4394 18.4348)
(75.8396 116.886 33.2103)
(107.88 34.4727 18.6519)
(114.96 43.2886 17.6391)
(76.5357 20.5419 18.7765)
(76.729 67.316 1.49513)
(76.3575 74.24 1.46022)
(125.508 52.8647 18.2489)
(103.772 31.5248 17.8518)
(93.9355 119.799 18.5054)
(94.4144 21.5063 1.53003)
(76.8539 64.9307 18.3328)
(75.5028 117.471 30.6352)
(76.7444 57.385 1.02375)
(97.0003 24.2214 18.4693)
(87.0638 14.7765 17.9936)
(92.71 121.716 1.46389)
(81.7379 132.024 17.9466)
(76.1477 39.1048 18.9784)
(75.4804 102.846 35.1079)
(135.845 62.3319 18.8264)
(75.4589 22.6355 27.8816)
(81.6639 131.775 2.2219)
(75.6718 117.276 41.2414)
(79.4145 134.637 1.6816)
(76.5891 92.5569 18.2224)
(75.6209 117.268 39.1872)
(109.833 103.482 2.05781)
(76.4853 132.992 18.5366)
(76.6438 35.5025 1.22956)
(76.507 90.0367 0.952176)
(76.8636 104.641 1.38921)
(76.9884 30.217 1.55865)
(129.67 83.3888 17.9206)
(76.1633 126.688 1.71319)
(99.5375 26.0695 18.4183)
(75.7847 22.8114 34.7326)
(75.7887 1.93415 17.0524)
(76.3631 23.3697 19.3229)
(81.4407 26.7327 44.3475)
(75.7675 22.7827 32.0479)
(76.7059 74.3327 18.3117)
(76.1303 23.1687 29.3049)
(76.0109 102.563 19.487)
(75.8271 117.432 20.3468)
(143.36 70.709 4.26991)
(76.3429 116.193 43.851)
(141.622 70.7175 12.6322)
(76.6906 76.3959 1.37593)
(76.5771 103.126 29.0673)
(77.4002 103.259 44.0005)
(91.6953 19.4963 17.782)
(122.534 90.8758 18.5604)
(89.0941 124.257 2.22096)
(84.2971 129.38 17.4583)
(76.8844 27.1174 1.77089)
(75.8018 1.84564 9.16033)
(105.454 107.827 2.17154)
(112.699 40.8122 1.89211)
(77.3925 113.899 1.61482)
(119.839 47.1062 2.13071)
(77.0678 135.42 17.9554)
(117.464 96.7406 18.2328)
(100.803 27.7741 1.5576)
(119.774 48.8372 17.288)
(128.738 59.151 17.098)
(77.004 128.751 18.3648)
(76.3608 116.728 29.1906)
(142.268 72.0954 18.4863)
(77.1653 36.7618 43.8934)
(81.7801 107.406 44.2969)
(75.9581 36.5889 33.3873)
(75.3465 102.532 32.9541)
(77.0392 85.985 18.0866)
(75.7221 117.524 37.6408)
(76.2116 2.93107 11.8488)
(76.913 130.798 1.58272)
(75.9936 116.984 23.1556)
(86.5976 127.015 17.7739)
(76.2284 121.308 18.693)
(76.1156 2.9987 5.17749)
(105.039 32.78 2.08135)
(76.8949 46.9765 17.2896)
(76.4747 137.575 1.93138)
(76.219 116.756 42.1668)
(134.767 62.0397 2.03903)
(76.4939 26.0644 43.6175)
(76.108 36.7059 39.5813)
(134.021 80.3491 17.6037)
(75.5431 102.674 38.8322)
(76.2437 116.691 40.3344)
(76.1914 138.59 12.1584)
(76.4275 79.8797 18.7254)
(75.5807 117.461 34.6843)
(112.82 100.334 2.32729)
(109.388 36.3642 1.90673)
(76.2323 103.578 24.3253)
(76.2406 98.2974 18.2075)
(104.663 108.871 17.7504)
(109.062 103.608 18.3074)
(84.5248 13.5011 18.2296)
(139.732 75.2712 19.0769)
(95.5425 117.954 18.0913)
(76.8465 11.6721 18.4596)
(130.998 58.0605 1.89486)
(81.1979 8.71274 1.62855)
(82.2616 29.068 44.328)
(77.4018 23.3094 44.0279)
(79.495 24.5884 44.0459)
(75.5993 102.683 36.7355)
(76.2071 116.803 31.9568)
(97.296 24.3181 1.7893)
(77.2095 48.8766 2.17355)
(137.655 65.5582 1.43379)
(88.1585 16.1941 2.05615)
(123.45 51.0623 2.21143)
(76.9425 90.2718 17.9325)
(92.0782 19.2784 1.76048)
(78.2883 36.3366 44.3471)
(112.921 40.0618 18.1728)
(79.4576 104.625 43.9902)
(106.145 34.4648 17.317)
(76.0884 111.523 44.1481)
(76.3607 131.001 18.2747)
(76.2745 64.5058 1.49824)
(131.086 82.4089 1.81589)
(91.9948 122.312 18.5414)
(79.617 115.544 43.8641)
(76.0434 4.99255 19.0149)
(103.93 110.048 1.61872)
(75.8815 23.0449 39.6492)
(118.181 94.3515 18.0563)
(76.0997 116.99 27.0919)
(75.5636 22.7145 25.6841)
(75.8653 36.9886 32.1881)
(76.3161 36.7157 26.7514)
(76.3394 23.4763 33.3439)
(76.0489 103.112 27.4031)
(117.463 46.7609 17.7925)
(136.483 63.3423 1.46818)
(76.5709 16.2105 1.3027)
(77.3384 122.934 17.9633)
(76.7823 120.402 1.44119)
(76.8581 82.4119 1.66838)
(75.7191 139.695 17.3514)
(75.8147 37.1086 25.0074)
(75.9846 138.992 6.23426)
(75.6318 102.69 23.3923)
(76.4182 88.2982 18.5717)
(100.913 29.0319 17.2336)
(76.1218 116.871 19.2333)
(75.8782 32.1392 44.0666)
(93.7085 21.9075 17.67)
(88.9215 17.1704 17.2561)
(83.8458 11.0745 18.1281)
(75.9875 35.556 44.126)
(76.0459 100.404 18.8667)
(76.4822 59.4803 1.67673)
(89.9092 18.4668 1.8728)
(75.9213 23.0385 21.0495)
(126.086 54.1444 2.49583)
(76.1304 103.227 37.7018)
(139.654 72.8418 17.6799)
(76.9144 18.2592 18.4752)
(76.265 14.2504 18.4739)
(77.1554 91.7242 1.41016)
(108.844 36.1395 17.7184)
(76.0327 36.9779 19.0712)
(76.5016 124.92 1.02545)
(98.8664 26.4012 1.53982)
(75.7239 117.294 43.461)
(115.229 42.6262 1.94148)
(141.977 68.7029 1.70526)
(141.304 70.406 16.3143)
(76.1146 136.069 0.759904)
(117.547 44.6359 18.1599)
(76.0339 36.7694 21.0749)
(78.104 136.67 18.6715)
(76.7645 4.96638 0.920517)
(76.3727 36.6717 42.7836)
(77.457 116.796 44.3062)
(77.3373 4.7667 5.89721)
(76.7723 123.839 2.33683)
)


// ************************************************************************* //
