/*--------------------------------*- C++ -*----------------------------------*\
| =========                 |                                                 |
| \\      /  F ield         | OpenFOAM: The Open Source CFD Toolbox           |
|  \\    /   O peration     | Version:  2.1.1                                 |
|   \\  /    A nd           | Web:      www.OpenFOAM.org                      |
|    \\/     M anipulation  |                                                 |
\*---------------------------------------------------------------------------*/
FoamFile
{
    version     2.0;
    format      ascii;
    class       labelList;
    note        "nPoints: 4692 nCells: 3872 nFaces: 12386 nInternalFaces: 10846";
    location    "constant/polyMesh";
    object      neighbour;
}
// * * * * * * * * * * * * * * * * * * * * * * * * * * * * * * * * * * * * * //


10846
(
1
11
176
2
12
177
3
13
178
4
14
179
5
15
180
6
16
181
7
17
182
8
18
183
9
19
184
10
20
185
21
186
12
22
187
13
23
188
14
24
189
15
25
190
16
26
191
17
27
192
18
28
193
19
29
194
20
30
195
21
31
196
32
197
23
33
198
24
34
199
25
35
200
26
36
201
27
37
202
28
38
203
29
39
204
30
40
205
31
41
206
32
42
207
43
208
34
44
209
35
45
210
36
46
211
37
47
212
38
48
213
39
49
214
40
50
215
41
51
216
42
52
217
43
53
218
54
219
45
55
220
46
56
221
47
57
222
48
58
223
49
59
224
50
60
225
51
61
226
52
62
227
53
63
228
54
64
229
65
230
56
66
231
57
67
232
58
68
233
59
69
234
60
70
235
61
71
236
62
72
237
63
73
238
64
74
239
65
75
240
76
241
67
77
242
68
78
243
69
79
244
70
80
245
71
81
246
72
82
247
73
83
248
74
84
249
75
85
250
76
86
251
87
252
78
88
253
79
89
254
80
90
255
81
91
256
82
92
257
83
93
258
84
94
259
85
95
260
86
96
261
87
97
262
98
263
89
99
264
90
100
265
91
101
266
92
102
267
93
103
268
94
104
269
95
105
270
96
106
271
97
107
272
98
108
273
109
274
100
110
275
101
111
276
102
112
277
103
113
278
104
114
279
105
115
280
106
116
281
107
117
282
108
118
283
109
119
284
120
285
111
121
286
112
122
287
113
123
288
114
124
289
115
125
290
116
126
291
117
127
292
118
128
293
119
129
294
120
130
295
131
296
122
132
297
123
133
298
124
134
299
125
135
300
126
136
301
127
137
302
128
138
303
129
139
304
130
140
305
131
141
306
142
307
133
143
308
134
144
309
135
145
310
136
146
311
137
147
312
138
148
313
139
149
314
140
150
315
141
151
316
142
152
317
153
318
144
154
319
145
155
320
146
156
321
147
157
322
148
158
323
149
159
324
150
160
325
151
161
326
152
162
327
153
163
328
164
329
155
165
330
156
166
331
157
167
332
158
168
333
159
169
334
160
170
335
161
171
336
162
172
337
163
173
338
164
174
339
175
340
166
341
167
342
168
343
169
344
170
345
171
346
172
347
173
348
174
349
175
350
351
177
187
352
178
188
353
179
189
354
180
190
355
181
191
356
182
192
357
183
193
358
184
194
359
185
195
360
186
196
361
197
362
188
198
363
189
199
364
190
200
365
191
201
366
192
202
367
193
203
368
194
204
369
195
205
370
196
206
371
197
207
372
208
373
199
209
374
200
210
375
201
211
376
202
212
377
203
213
378
204
214
379
205
215
380
206
216
381
207
217
382
208
218
383
219
384
210
220
385
211
221
386
212
222
387
213
223
388
214
224
389
215
225
390
216
226
391
217
227
392
218
228
393
219
229
394
230
395
221
231
396
222
232
397
223
233
398
224
234
399
225
235
400
226
236
401
227
237
402
228
238
403
229
239
404
230
240
405
241
406
232
242
407
233
243
408
234
244
409
235
245
410
236
246
411
237
247
412
238
248
413
239
249
414
240
250
415
241
251
416
252
417
243
253
418
244
254
419
245
255
420
246
256
421
247
257
422
248
258
423
249
259
424
250
260
425
251
261
426
252
262
427
263
428
254
264
429
255
265
430
256
266
431
257
267
432
258
268
433
259
269
434
260
270
435
261
271
436
262
272
437
263
273
438
274
439
265
275
440
266
276
441
267
277
442
268
278
443
269
279
444
270
280
445
271
281
446
272
282
447
273
283
448
274
284
449
285
450
276
286
451
277
287
452
278
288
453
279
289
454
280
290
455
281
291
456
282
292
457
283
293
458
284
294
459
285
295
460
296
461
287
297
462
288
298
463
289
299
464
290
300
465
291
301
466
292
302
467
293
303
468
294
304
469
295
305
470
296
306
471
307
472
298
308
473
299
309
474
300
310
475
301
311
476
302
312
477
303
313
478
304
314
479
305
315
480
306
316
481
307
317
482
318
483
309
319
484
310
320
485
311
321
486
312
322
487
313
323
488
314
324
489
315
325
490
316
326
491
317
327
492
318
328
493
329
494
320
330
495
321
331
496
322
332
497
323
333
498
324
334
499
325
335
500
326
336
501
327
337
502
328
338
503
329
339
504
340
505
331
341
506
332
342
507
333
343
508
334
344
509
335
345
510
336
346
511
337
347
512
338
348
513
339
349
514
340
350
515
351
516
342
517
343
518
344
519
345
520
346
521
347
522
348
523
349
524
350
525
351
526
527
353
363
528
354
364
529
355
365
530
356
366
531
357
367
532
358
368
533
359
369
534
360
370
535
361
371
536
362
372
537
373
538
364
374
539
365
375
540
366
376
541
367
377
542
368
378
543
369
379
544
370
380
545
371
381
546
372
382
547
373
383
548
384
549
375
385
550
376
386
551
377
387
552
378
388
553
379
389
554
380
390
555
381
391
556
382
392
557
383
393
558
384
394
559
395
560
386
396
561
387
397
562
388
398
563
389
399
564
390
400
565
391
401
566
392
402
567
393
403
568
394
404
569
395
405
570
406
571
397
407
572
398
408
573
399
409
574
400
410
575
401
411
576
402
412
577
403
413
578
404
414
579
405
415
580
406
416
581
417
582
408
418
583
409
419
584
410
420
585
411
421
586
412
422
587
413
423
588
414
424
589
415
425
590
416
426
591
417
427
592
428
593
419
429
594
420
430
595
421
431
596
422
432
597
423
433
598
424
434
599
425
435
600
426
436
601
427
437
602
428
438
603
439
604
430
440
605
431
441
606
432
442
607
433
443
608
434
444
609
435
445
610
436
446
611
437
447
612
438
448
613
439
449
614
450
615
441
451
616
442
452
617
443
453
618
444
454
619
445
455
620
446
456
621
447
457
622
448
458
623
449
459
624
450
460
625
461
626
452
462
627
453
463
628
454
464
629
455
465
630
456
466
631
457
467
632
458
468
633
459
469
634
460
470
635
461
471
636
472
637
463
473
638
464
474
639
465
475
640
466
476
641
467
477
642
468
478
643
469
479
644
470
480
645
471
481
646
472
482
647
483
648
474
484
649
475
485
650
476
486
651
477
487
652
478
488
653
479
489
654
480
490
655
481
491
656
482
492
657
483
493
658
494
659
485
495
660
486
496
661
487
497
662
488
498
663
489
499
664
490
500
665
491
501
666
492
502
667
493
503
668
494
504
669
505
670
496
506
671
497
507
672
498
508
673
499
509
674
500
510
675
501
511
676
502
512
677
503
513
678
504
514
679
505
515
680
516
681
507
517
682
508
518
683
509
519
684
510
520
685
511
521
686
512
522
687
513
523
688
514
524
689
515
525
690
516
526
691
527
692
518
693
519
694
520
695
521
696
522
697
523
698
524
699
525
700
526
701
527
702
703
529
539
704
530
540
705
531
541
706
532
542
707
533
543
708
534
544
709
535
545
710
536
546
711
537
547
712
538
548
713
549
714
540
550
715
541
551
716
542
552
717
543
553
718
544
554
719
545
555
720
546
556
721
547
557
722
548
558
723
549
559
724
560
725
551
561
726
552
562
727
553
563
728
554
564
729
555
565
730
556
566
731
557
567
732
558
568
733
559
569
734
560
570
735
571
736
562
572
737
563
573
738
564
574
739
565
575
740
566
576
741
567
577
742
568
578
743
569
579
744
570
580
745
571
581
746
582
747
573
583
748
574
584
749
575
585
750
576
586
751
577
587
752
578
588
753
579
589
754
580
590
755
581
591
756
582
592
757
593
758
584
594
759
585
595
760
586
596
761
587
597
762
588
598
763
589
599
764
590
600
765
591
601
766
592
602
767
593
603
768
604
769
595
605
770
596
606
771
597
607
772
598
608
773
599
609
774
600
610
775
601
611
776
602
612
777
603
613
778
604
614
779
615
780
606
616
781
607
617
782
608
618
783
609
619
784
610
620
785
611
621
786
612
622
787
613
623
788
614
624
789
615
625
790
626
791
617
627
792
618
628
793
619
629
794
620
630
795
621
631
796
622
632
797
623
633
798
624
634
799
625
635
800
626
636
801
637
802
628
638
803
629
639
804
630
640
805
631
641
806
632
642
807
633
643
808
634
644
809
635
645
810
636
646
811
637
647
812
648
813
639
649
814
640
650
815
641
651
816
642
652
817
643
653
818
644
654
819
645
655
820
646
656
821
647
657
822
648
658
823
659
824
650
660
825
651
661
826
652
662
827
653
663
828
654
664
829
655
665
830
656
666
831
657
667
832
658
668
833
659
669
834
670
835
661
671
836
662
672
837
663
673
838
664
674
839
665
675
840
666
676
841
667
677
842
668
678
843
669
679
844
670
680
845
681
846
672
682
847
673
683
848
674
684
849
675
685
850
676
686
851
677
687
852
678
688
853
679
689
854
680
690
855
681
691
856
692
857
683
693
858
684
694
859
685
695
860
686
696
861
687
697
862
688
698
863
689
699
864
690
700
865
691
701
866
692
702
867
703
868
694
869
695
870
696
871
697
872
698
873
699
874
700
875
701
876
702
877
703
878
879
705
715
880
706
716
881
707
717
882
708
718
883
709
719
884
710
720
885
711
721
886
712
722
887
713
723
888
714
724
889
725
890
716
726
891
717
727
892
718
728
893
719
729
894
720
730
895
721
731
896
722
732
897
723
733
898
724
734
899
725
735
900
736
901
727
737
902
728
738
903
729
739
904
730
740
905
731
741
906
732
742
907
733
743
908
734
744
909
735
745
910
736
746
911
747
912
738
748
913
739
749
914
740
750
915
741
751
916
742
752
917
743
753
918
744
754
919
745
755
920
746
756
921
747
757
922
758
923
749
759
924
750
760
925
751
761
926
752
762
927
753
763
928
754
764
929
755
765
930
756
766
931
757
767
932
758
768
933
769
934
760
770
935
761
771
936
762
772
937
763
773
938
764
774
939
765
775
940
766
776
941
767
777
942
768
778
943
769
779
944
780
945
771
781
946
772
782
947
773
783
948
774
784
949
775
785
950
776
786
951
777
787
952
778
788
953
779
789
954
780
790
955
791
956
782
792
957
783
793
958
784
794
959
785
795
960
786
796
961
787
797
962
788
798
963
789
799
964
790
800
965
791
801
966
802
967
793
803
968
794
804
969
795
805
970
796
806
971
797
807
972
798
808
973
799
809
974
800
810
975
801
811
976
802
812
977
813
978
804
814
979
805
815
980
806
816
981
807
817
982
808
818
983
809
819
984
810
820
985
811
821
986
812
822
987
813
823
988
824
989
815
825
990
816
826
991
817
827
992
818
828
993
819
829
994
820
830
995
821
831
996
822
832
997
823
833
998
824
834
999
835
1000
826
836
1001
827
837
1002
828
838
1003
829
839
1004
830
840
1005
831
841
1006
832
842
1007
833
843
1008
834
844
1009
835
845
1010
846
1011
837
847
1012
838
848
1013
839
849
1014
840
850
1015
841
851
1016
842
852
1017
843
853
1018
844
854
1019
845
855
1020
846
856
1021
857
1022
848
858
1023
849
859
1024
850
860
1025
851
861
1026
852
862
1027
853
863
1028
854
864
1029
855
865
1030
856
866
1031
857
867
1032
868
1033
859
869
1034
860
870
1035
861
871
1036
862
872
1037
863
873
1038
864
874
1039
865
875
1040
866
876
1041
867
877
1042
868
878
1043
879
1044
870
1045
871
1046
872
1047
873
1048
874
1049
875
1050
876
1051
877
1052
878
1053
879
1054
1055
881
891
1056
882
892
1057
883
893
1058
884
894
1059
885
895
1060
886
896
1061
887
897
1062
888
898
1063
889
899
1064
890
900
1065
901
1066
892
902
1067
893
903
1068
894
904
1069
895
905
1070
896
906
1071
897
907
1072
898
908
1073
899
909
1074
900
910
1075
901
911
1076
912
1077
903
913
1078
904
914
1079
905
915
1080
906
916
1081
907
917
1082
908
918
1083
909
919
1084
910
920
1085
911
921
1086
912
922
1087
923
1088
914
924
1089
915
925
1090
916
926
1091
917
927
1092
918
928
1093
919
929
1094
920
930
1095
921
931
1096
922
932
1097
923
933
1098
934
1099
925
935
1100
926
936
1101
927
937
1102
928
938
1103
929
939
1104
930
940
1105
931
941
1106
932
942
1107
933
943
1108
934
944
1109
945
1110
936
946
1111
937
947
1112
938
948
1113
939
949
1114
940
950
1115
941
951
1116
942
952
1117
943
953
1118
944
954
1119
945
955
1120
956
1121
947
957
1122
948
958
1123
949
959
1124
950
960
1125
951
961
1126
952
962
1127
953
963
1128
954
964
1129
955
965
1130
956
966
1131
967
1132
958
968
1133
959
969
1134
960
970
1135
961
971
1136
962
972
1137
963
973
1138
964
974
1139
965
975
1140
966
976
1141
967
977
1142
978
1143
969
979
1144
970
980
1145
971
981
1146
972
982
1147
973
983
1148
974
984
1149
975
985
1150
976
986
1151
977
987
1152
978
988
1153
989
1154
980
990
1155
981
991
1156
982
992
1157
983
993
1158
984
994
1159
985
995
1160
986
996
1161
987
997
1162
988
998
1163
989
999
1164
1000
1165
991
1001
1166
992
1002
1167
993
1003
1168
994
1004
1169
995
1005
1170
996
1006
1171
997
1007
1172
998
1008
1173
999
1009
1174
1000
1010
1175
1011
1176
1002
1012
1177
1003
1013
1178
1004
1014
1179
1005
1015
1180
1006
1016
1181
1007
1017
1182
1008
1018
1183
1009
1019
1184
1010
1020
1185
1011
1021
1186
1022
1187
1013
1023
1188
1014
1024
1189
1015
1025
1190
1016
1026
1191
1017
1027
1192
1018
1028
1193
1019
1029
1194
1020
1030
1195
1021
1031
1196
1022
1032
1197
1033
1198
1024
1034
1199
1025
1035
1200
1026
1036
1201
1027
1037
1202
1028
1038
1203
1029
1039
1204
1030
1040
1205
1031
1041
1206
1032
1042
1207
1033
1043
1208
1044
1209
1035
1045
1210
1036
1046
1211
1037
1047
1212
1038
1048
1213
1039
1049
1214
1040
1050
1215
1041
1051
1216
1042
1052
1217
1043
1053
1218
1044
1054
1219
1055
1220
1046
1221
1047
1222
1048
1223
1049
1224
1050
1225
1051
1226
1052
1227
1053
1228
1054
1229
1055
1230
1231
1057
1067
1232
1058
1068
1233
1059
1069
1234
1060
1070
1235
1061
1071
1236
1062
1072
1237
1063
1073
1238
1064
1074
1239
1065
1075
1240
1066
1076
1241
1077
1242
1068
1078
1243
1069
1079
1244
1070
1080
1245
1071
1081
1246
1072
1082
1247
1073
1083
1248
1074
1084
1249
1075
1085
1250
1076
1086
1251
1077
1087
1252
1088
1253
1079
1089
1254
1080
1090
1255
1081
1091
1256
1082
1092
1257
1083
1093
1258
1084
1094
1259
1085
1095
1260
1086
1096
1261
1087
1097
1262
1088
1098
1263
1099
1264
1090
1100
1265
1091
1101
1266
1092
1102
1267
1093
1103
1268
1094
1104
1269
1095
1105
1270
1096
1106
1271
1097
1107
1272
1098
1108
1273
1099
1109
1274
1110
1275
1101
1111
1276
1102
1112
1277
1103
1113
1278
1104
1114
1279
1105
1115
1280
1106
1116
1281
1107
1117
1282
1108
1118
1283
1109
1119
1284
1110
1120
1285
1121
1286
1112
1122
1287
1113
1123
1288
1114
1124
1289
1115
1125
1290
1116
1126
1291
1117
1127
1292
1118
1128
1293
1119
1129
1294
1120
1130
1295
1121
1131
1296
1132
1297
1123
1133
1298
1124
1134
1299
1125
1135
1300
1126
1136
1301
1127
1137
1302
1128
1138
1303
1129
1139
1304
1130
1140
1305
1131
1141
1306
1132
1142
1307
1143
1308
1134
1144
1309
1135
1145
1310
1136
1146
1311
1137
1147
1312
1138
1148
1313
1139
1149
1314
1140
1150
1315
1141
1151
1316
1142
1152
1317
1143
1153
1318
1154
1319
1145
1155
1320
1146
1156
1321
1147
1157
1322
1148
1158
1323
1149
1159
1324
1150
1160
1325
1151
1161
1326
1152
1162
1327
1153
1163
1328
1154
1164
1329
1165
1330
1156
1166
1331
1157
1167
1332
1158
1168
1333
1159
1169
1334
1160
1170
1335
1161
1171
1336
1162
1172
1337
1163
1173
1338
1164
1174
1339
1165
1175
1340
1176
1341
1167
1177
1342
1168
1178
1343
1169
1179
1344
1170
1180
1345
1171
1181
1346
1172
1182
1347
1173
1183
1348
1174
1184
1349
1175
1185
1350
1176
1186
1351
1187
1352
1178
1188
1353
1179
1189
1354
1180
1190
1355
1181
1191
1356
1182
1192
1357
1183
1193
1358
1184
1194
1359
1185
1195
1360
1186
1196
1361
1187
1197
1362
1198
1363
1189
1199
1364
1190
1200
1365
1191
1201
1366
1192
1202
1367
1193
1203
1368
1194
1204
1369
1195
1205
1370
1196
1206
1371
1197
1207
1372
1198
1208
1373
1209
1374
1200
1210
1375
1201
1211
1376
1202
1212
1377
1203
1213
1378
1204
1214
1379
1205
1215
1380
1206
1216
1381
1207
1217
1382
1208
1218
1383
1209
1219
1384
1220
1385
1211
1221
1386
1212
1222
1387
1213
1223
1388
1214
1224
1389
1215
1225
1390
1216
1226
1391
1217
1227
1392
1218
1228
1393
1219
1229
1394
1220
1230
1395
1231
1396
1222
1397
1223
1398
1224
1399
1225
1400
1226
1401
1227
1402
1228
1403
1229
1404
1230
1405
1231
1406
1407
1233
1243
1408
1234
1244
1409
1235
1245
1410
1236
1246
1411
1237
1247
1412
1238
1248
1413
1239
1249
1414
1240
1250
1415
1241
1251
1416
1242
1252
1417
1253
1418
1244
1254
1419
1245
1255
1420
1246
1256
1421
1247
1257
1422
1248
1258
1423
1249
1259
1424
1250
1260
1425
1251
1261
1426
1252
1262
1427
1253
1263
1428
1264
1429
1255
1265
1430
1256
1266
1431
1257
1267
1432
1258
1268
1433
1259
1269
1434
1260
1270
1435
1261
1271
1436
1262
1272
1437
1263
1273
1438
1264
1274
1439
1275
1440
1266
1276
1441
1267
1277
1442
1268
1278
1443
1269
1279
1444
1270
1280
1445
1271
1281
1446
1272
1282
1447
1273
1283
1448
1274
1284
1449
1275
1285
1450
1286
1451
1277
1287
1452
1278
1288
1453
1279
1289
1454
1280
1290
1455
1281
1291
1456
1282
1292
1457
1283
1293
1458
1284
1294
1459
1285
1295
1460
1286
1296
1461
1297
1462
1288
1298
1463
1289
1299
1464
1290
1300
1465
1291
1301
1466
1292
1302
1467
1293
1303
1468
1294
1304
1469
1295
1305
1470
1296
1306
1471
1297
1307
1472
1308
1473
1299
1309
1474
1300
1310
1475
1301
1311
1476
1302
1312
1477
1303
1313
1478
1304
1314
1479
1305
1315
1480
1306
1316
1481
1307
1317
1482
1308
1318
1483
1319
1484
1310
1320
1485
1311
1321
1486
1312
1322
1487
1313
1323
1488
1314
1324
1489
1315
1325
1490
1316
1326
1491
1317
1327
1492
1318
1328
1493
1319
1329
1494
1330
1495
1321
1331
1496
1322
1332
1497
1323
1333
1498
1324
1334
1499
1325
1335
1500
1326
1336
1501
1327
1337
1502
1328
1338
1503
1329
1339
1504
1330
1340
1505
1341
1506
1332
1342
1507
1333
1343
1508
1334
1344
1509
1335
1345
1510
1336
1346
1511
1337
1347
1512
1338
1348
1513
1339
1349
1514
1340
1350
1515
1341
1351
1516
1352
1517
1343
1353
1518
1344
1354
1519
1345
1355
1520
1346
1356
1521
1347
1357
1522
1348
1358
1523
1349
1359
1524
1350
1360
1525
1351
1361
1526
1352
1362
1527
1363
1528
1354
1364
1529
1355
1365
1530
1356
1366
1531
1357
1367
1532
1358
1368
1533
1359
1369
1534
1360
1370
1535
1361
1371
1536
1362
1372
1537
1363
1373
1538
1374
1539
1365
1375
1540
1366
1376
1541
1367
1377
1542
1368
1378
1543
1369
1379
1544
1370
1380
1545
1371
1381
1546
1372
1382
1547
1373
1383
1548
1374
1384
1549
1385
1550
1376
1386
1551
1377
1387
1552
1378
1388
1553
1379
1389
1554
1380
1390
1555
1381
1391
1556
1382
1392
1557
1383
1393
1558
1384
1394
1559
1385
1395
1560
1396
1561
1387
1397
1562
1388
1398
1563
1389
1399
1564
1390
1400
1565
1391
1401
1566
1392
1402
1567
1393
1403
1568
1394
1404
1569
1395
1405
1570
1396
1406
1571
1407
1572
1398
1573
1399
1574
1400
1575
1401
1576
1402
1577
1403
1578
1404
1579
1405
1580
1406
1581
1407
1582
1583
1409
1419
1584
1410
1420
1585
1411
1421
1586
1412
1422
1587
1413
1423
1588
1414
1424
1589
1415
1425
1590
1416
1426
1591
1417
1427
1592
1418
1428
1593
1429
1594
1420
1430
1595
1421
1431
1596
1422
1432
1597
1423
1433
1598
1424
1434
1599
1425
1435
1600
1426
1436
1601
1427
1437
1602
1428
1438
1603
1429
1439
1604
1440
1605
1431
1441
1606
1432
1442
1607
1433
1443
1608
1434
1444
1609
1435
1445
1610
1436
1446
1611
1437
1447
1612
1438
1448
1613
1439
1449
1614
1440
1450
1615
1451
1616
1442
1452
1617
1443
1453
1618
1444
1454
1619
1445
1455
1620
1446
1456
1621
1447
1457
1622
1448
1458
1623
1449
1459
1624
1450
1460
1625
1451
1461
1626
1462
1627
1453
1463
1628
1454
1464
1629
1455
1465
1630
1456
1466
1631
1457
1467
1632
1458
1468
1633
1459
1469
1634
1460
1470
1635
1461
1471
1636
1462
1472
1637
1473
1638
1464
1474
1639
1465
1475
1640
1466
1476
1641
1467
1477
1642
1468
1478
1643
1469
1479
1644
1470
1480
1645
1471
1481
1646
1472
1482
1647
1473
1483
1648
1484
1649
1475
1485
1650
1476
1486
1651
1477
1487
1652
1478
1488
1653
1479
1489
1654
1480
1490
1655
1481
1491
1656
1482
1492
1657
1483
1493
1658
1484
1494
1659
1495
1660
1486
1496
1661
1487
1497
1662
1488
1498
1663
1489
1499
1664
1490
1500
1665
1491
1501
1666
1492
1502
1667
1493
1503
1668
1494
1504
1669
1495
1505
1670
1506
1671
1497
1507
1672
1498
1508
1673
1499
1509
1674
1500
1510
1675
1501
1511
1676
1502
1512
1677
1503
1513
1678
1504
1514
1679
1505
1515
1680
1506
1516
1681
1517
1682
1508
1518
1683
1509
1519
1684
1510
1520
1685
1511
1521
1686
1512
1522
1687
1513
1523
1688
1514
1524
1689
1515
1525
1690
1516
1526
1691
1517
1527
1692
1528
1693
1519
1529
1694
1520
1530
1695
1521
1531
1696
1522
1532
1697
1523
1533
1698
1524
1534
1699
1525
1535
1700
1526
1536
1701
1527
1537
1702
1528
1538
1703
1539
1704
1530
1540
1705
1531
1541
1706
1532
1542
1707
1533
1543
1708
1534
1544
1709
1535
1545
1710
1536
1546
1711
1537
1547
1712
1538
1548
1713
1539
1549
1714
1550
1715
1541
1551
1716
1542
1552
1717
1543
1553
1718
1544
1554
1719
1545
1555
1720
1546
1556
1721
1547
1557
1722
1548
1558
1723
1549
1559
1724
1550
1560
1725
1561
1726
1552
1562
1727
1553
1563
1728
1554
1564
1729
1555
1565
1730
1556
1566
1731
1557
1567
1732
1558
1568
1733
1559
1569
1734
1560
1570
1735
1561
1571
1736
1572
1737
1563
1573
1738
1564
1574
1739
1565
1575
1740
1566
1576
1741
1567
1577
1742
1568
1578
1743
1569
1579
1744
1570
1580
1745
1571
1581
1746
1572
1582
1747
1583
1748
1574
1749
1575
1750
1576
1751
1577
1752
1578
1753
1579
1754
1580
1755
1581
1756
1582
1757
1583
1758
1759
1585
1595
1760
1586
1596
1761
1587
1597
1762
1588
1598
1763
1589
1599
1764
1590
1600
1765
1591
1601
1766
1592
1602
1767
1593
1603
1768
1594
1604
1769
1605
1770
1596
1606
1771
1597
1607
1772
1598
1608
1773
1599
1609
1774
1600
1610
1775
1601
1611
1776
1602
1612
1777
1603
1613
1778
1604
1614
1779
1605
1615
1780
1616
1781
1607
1617
1782
1608
1618
1783
1609
1619
1784
1610
1620
1785
1611
1621
1786
1612
1622
1787
1613
1623
1788
1614
1624
1789
1615
1625
1790
1616
1626
1791
1627
1792
1618
1628
1793
1619
1629
1794
1620
1630
1795
1621
1631
1796
1622
1632
1797
1623
1633
1798
1624
1634
1799
1625
1635
1800
1626
1636
1801
1627
1637
1802
1638
1803
1629
1639
1804
1630
1640
1805
1631
1641
1806
1632
1642
1807
1633
1643
1808
1634
1644
1809
1635
1645
1810
1636
1646
1811
1637
1647
1812
1638
1648
1813
1649
1814
1640
1650
1815
1641
1651
1816
1642
1652
1817
1643
1653
1818
1644
1654
1819
1645
1655
1820
1646
1656
1821
1647
1657
1822
1648
1658
1823
1649
1659
1824
1660
1825
1651
1661
1826
1652
1662
1827
1653
1663
1828
1654
1664
1829
1655
1665
1830
1656
1666
1831
1657
1667
1832
1658
1668
1833
1659
1669
1834
1660
1670
1835
1671
1836
1662
1672
1837
1663
1673
1838
1664
1674
1839
1665
1675
1840
1666
1676
1841
1667
1677
1842
1668
1678
1843
1669
1679
1844
1670
1680
1845
1671
1681
1846
1682
1847
1673
1683
1848
1674
1684
1849
1675
1685
1850
1676
1686
1851
1677
1687
1852
1678
1688
1853
1679
1689
1854
1680
1690
1855
1681
1691
1856
1682
1692
1857
1693
1858
1684
1694
1859
1685
1695
1860
1686
1696
1861
1687
1697
1862
1688
1698
1863
1689
1699
1864
1690
1700
1865
1691
1701
1866
1692
1702
1867
1693
1703
1868
1704
1869
1695
1705
1870
1696
1706
1871
1697
1707
1872
1698
1708
1873
1699
1709
1874
1700
1710
1875
1701
1711
1876
1702
1712
1877
1703
1713
1878
1704
1714
1879
1715
1880
1706
1716
1881
1707
1717
1882
1708
1718
1883
1709
1719
1884
1710
1720
1885
1711
1721
1886
1712
1722
1887
1713
1723
1888
1714
1724
1889
1715
1725
1890
1726
1891
1717
1727
1892
1718
1728
1893
1719
1729
1894
1720
1730
1895
1721
1731
1896
1722
1732
1897
1723
1733
1898
1724
1734
1899
1725
1735
1900
1726
1736
1901
1737
1902
1728
1738
1903
1729
1739
1904
1730
1740
1905
1731
1741
1906
1732
1742
1907
1733
1743
1908
1734
1744
1909
1735
1745
1910
1736
1746
1911
1737
1747
1912
1748
1913
1739
1749
1914
1740
1750
1915
1741
1751
1916
1742
1752
1917
1743
1753
1918
1744
1754
1919
1745
1755
1920
1746
1756
1921
1747
1757
1922
1748
1758
1923
1759
1924
1750
1925
1751
1926
1752
1927
1753
1928
1754
1929
1755
1930
1756
1931
1757
1932
1758
1933
1759
1934
1935
1761
1771
1936
1762
1772
1937
1763
1773
1938
1764
1774
1939
1765
1775
1940
1766
1776
1941
1767
1777
1942
1768
1778
1943
1769
1779
1944
1770
1780
1945
1781
1946
1772
1782
1947
1773
1783
1948
1774
1784
1949
1775
1785
1950
1776
1786
1951
1777
1787
1952
1778
1788
1953
1779
1789
1954
1780
1790
1955
1781
1791
1956
1792
1957
1783
1793
1958
1784
1794
1959
1785
1795
1960
1786
1796
1961
1787
1797
1962
1788
1798
1963
1789
1799
1964
1790
1800
1965
1791
1801
1966
1792
1802
1967
1803
1968
1794
1804
1969
1795
1805
1970
1796
1806
1971
1797
1807
1972
1798
1808
1973
1799
1809
1974
1800
1810
1975
1801
1811
1976
1802
1812
1977
1803
1813
1978
1814
1979
1805
1815
1980
1806
1816
1981
1807
1817
1982
1808
1818
1983
1809
1819
1984
1810
1820
1985
1811
1821
1986
1812
1822
1987
1813
1823
1988
1814
1824
1989
1825
1990
1816
1826
1991
1817
1827
1992
1818
1828
1993
1819
1829
1994
1820
1830
1995
1821
1831
1996
1822
1832
1997
1823
1833
1998
1824
1834
1999
1825
1835
2000
1836
2001
1827
1837
2002
1828
1838
2003
1829
1839
2004
1830
1840
2005
1831
1841
2006
1832
1842
2007
1833
1843
2008
1834
1844
2009
1835
1845
2010
1836
1846
2011
1847
2012
1838
1848
2013
1839
1849
2014
1840
1850
2015
1841
1851
2016
1842
1852
2017
1843
1853
2018
1844
1854
2019
1845
1855
2020
1846
1856
2021
1847
1857
2022
1858
2023
1849
1859
2024
1850
1860
2025
1851
1861
2026
1852
1862
2027
1853
1863
2028
1854
1864
2029
1855
1865
2030
1856
1866
2031
1857
1867
2032
1858
1868
2033
1869
2034
1860
1870
2035
1861
1871
2036
1862
1872
2037
1863
1873
2038
1864
1874
2039
1865
1875
2040
1866
1876
2041
1867
1877
2042
1868
1878
2043
1869
1879
2044
1880
2045
1871
1881
2046
1872
1882
2047
1873
1883
2048
1874
1884
2049
1875
1885
2050
1876
1886
2051
1877
1887
2052
1878
1888
2053
1879
1889
2054
1880
1890
2055
1891
2056
1882
1892
2057
1883
1893
2058
1884
1894
2059
1885
1895
2060
1886
1896
2061
1887
1897
2062
1888
1898
2063
1889
1899
2064
1890
1900
2065
1891
1901
2066
1902
2067
1893
1903
2068
1894
1904
2069
1895
1905
2070
1896
1906
2071
1897
1907
2072
1898
1908
2073
1899
1909
2074
1900
1910
2075
1901
1911
2076
1902
1912
2077
1913
2078
1904
1914
2079
1905
1915
2080
1906
1916
2081
1907
1917
2082
1908
1918
2083
1909
1919
2084
1910
1920
2085
1911
1921
2086
1912
1922
2087
1913
1923
2088
1924
2089
1915
1925
2090
1916
1926
2091
1917
1927
2092
1918
1928
2093
1919
1929
2094
1920
1930
2095
1921
1931
2096
1922
1932
2097
1923
1933
2098
1924
1934
2099
1935
2100
1926
2101
1927
2102
1928
2103
1929
2104
1930
2105
1931
2106
1932
2107
1933
2108
1934
2109
1935
2110
2111
1937
1947
2112
1938
1948
2113
1939
1949
2114
1940
1950
2115
1941
1951
2116
1942
1952
2117
1943
1953
2118
1944
1954
2119
1945
1955
2120
1946
1956
2121
1957
2122
1948
1958
2123
1949
1959
2124
1950
1960
2125
1951
1961
2126
1952
1962
2127
1953
1963
2128
1954
1964
2129
1955
1965
2130
1956
1966
2131
1957
1967
2132
1968
2133
1959
1969
2134
1960
1970
2135
1961
1971
2136
1962
1972
2137
1963
1973
2138
1964
1974
2139
1965
1975
2140
1966
1976
2141
1967
1977
2142
1968
1978
2143
1979
2144
1970
1980
2145
1971
1981
2146
1972
1982
2147
1973
1983
2148
1974
1984
2149
1975
1985
2150
1976
1986
2151
1977
1987
2152
1978
1988
2153
1979
1989
2154
1990
2155
1981
1991
2156
1982
1992
2157
1983
1993
2158
1984
1994
2159
1985
1995
2160
1986
1996
2161
1987
1997
2162
1988
1998
2163
1989
1999
2164
1990
2000
2165
2001
2166
1992
2002
2167
1993
2003
2168
1994
2004
2169
1995
2005
2170
1996
2006
2171
1997
2007
2172
1998
2008
2173
1999
2009
2174
2000
2010
2175
2001
2011
2176
2012
2177
2003
2013
2178
2004
2014
2179
2005
2015
2180
2006
2016
2181
2007
2017
2182
2008
2018
2183
2009
2019
2184
2010
2020
2185
2011
2021
2186
2012
2022
2187
2023
2188
2014
2024
2189
2015
2025
2190
2016
2026
2191
2017
2027
2192
2018
2028
2193
2019
2029
2194
2020
2030
2195
2021
2031
2196
2022
2032
2197
2023
2033
2198
2034
2199
2025
2035
2200
2026
2036
2201
2027
2037
2202
2028
2038
2203
2029
2039
2204
2030
2040
2205
2031
2041
2206
2032
2042
2207
2033
2043
2208
2034
2044
2209
2045
2210
2036
2046
2211
2037
2047
2212
2038
2048
2213
2039
2049
2214
2040
2050
2215
2041
2051
2216
2042
2052
2217
2043
2053
2218
2044
2054
2219
2045
2055
2220
2056
2221
2047
2057
2222
2048
2058
2223
2049
2059
2224
2050
2060
2225
2051
2061
2226
2052
2062
2227
2053
2063
2228
2054
2064
2229
2055
2065
2230
2056
2066
2231
2067
2232
2058
2068
2233
2059
2069
2234
2060
2070
2235
2061
2071
2236
2062
2072
2237
2063
2073
2238
2064
2074
2239
2065
2075
2240
2066
2076
2241
2067
2077
2242
2078
2243
2069
2079
2244
2070
2080
2245
2071
2081
2246
2072
2082
2247
2073
2083
2248
2074
2084
2249
2075
2085
2250
2076
2086
2251
2077
2087
2252
2078
2088
2253
2089
2254
2080
2090
2255
2081
2091
2256
2082
2092
2257
2083
2093
2258
2084
2094
2259
2085
2095
2260
2086
2096
2261
2087
2097
2262
2088
2098
2263
2089
2099
2264
2100
2265
2091
2101
2266
2092
2102
2267
2093
2103
2268
2094
2104
2269
2095
2105
2270
2096
2106
2271
2097
2107
2272
2098
2108
2273
2099
2109
2274
2100
2110
2275
2111
2276
2102
2277
2103
2278
2104
2279
2105
2280
2106
2281
2107
2282
2108
2283
2109
2284
2110
2285
2111
2286
2287
2113
2123
2288
2114
2124
2289
2115
2125
2290
2116
2126
2291
2117
2127
2292
2118
2128
2293
2119
2129
2294
2120
2130
2295
2121
2131
2296
2122
2132
2297
2133
2298
2124
2134
2299
2125
2135
2300
2126
2136
2301
2127
2137
2302
2128
2138
2303
2129
2139
2304
2130
2140
2305
2131
2141
2306
2132
2142
2307
2133
2143
2308
2144
2309
2135
2145
2310
2136
2146
2311
2137
2147
2312
2138
2148
2313
2139
2149
2314
2140
2150
2315
2141
2151
2316
2142
2152
2317
2143
2153
2318
2144
2154
2319
2155
2320
2146
2156
2321
2147
2157
2322
2148
2158
2323
2149
2159
2324
2150
2160
2325
2151
2161
2326
2152
2162
2327
2153
2163
2328
2154
2164
2329
2155
2165
2330
2166
2331
2157
2167
2332
2158
2168
2333
2159
2169
2334
2160
2170
2335
2161
2171
2336
2162
2172
2337
2163
2173
2338
2164
2174
2339
2165
2175
2340
2166
2176
2341
2177
2342
2168
2178
2343
2169
2179
2344
2170
2180
2345
2171
2181
2346
2172
2182
2347
2173
2183
2348
2174
2184
2349
2175
2185
2350
2176
2186
2351
2177
2187
2352
2188
2353
2179
2189
2354
2180
2190
2355
2181
2191
2356
2182
2192
2357
2183
2193
2358
2184
2194
2359
2185
2195
2360
2186
2196
2361
2187
2197
2362
2188
2198
2363
2199
2364
2190
2200
2365
2191
2201
2366
2192
2202
2367
2193
2203
2368
2194
2204
2369
2195
2205
2370
2196
2206
2371
2197
2207
2372
2198
2208
2373
2199
2209
2374
2210
2375
2201
2211
2376
2202
2212
2377
2203
2213
2378
2204
2214
2379
2205
2215
2380
2206
2216
2381
2207
2217
2382
2208
2218
2383
2209
2219
2384
2210
2220
2385
2221
2386
2212
2222
2387
2213
2223
2388
2214
2224
2389
2215
2225
2390
2216
2226
2391
2217
2227
2392
2218
2228
2393
2219
2229
2394
2220
2230
2395
2221
2231
2396
2232
2397
2223
2233
2398
2224
2234
2399
2225
2235
2400
2226
2236
2401
2227
2237
2402
2228
2238
2403
2229
2239
2404
2230
2240
2405
2231
2241
2406
2232
2242
2407
2243
2408
2234
2244
2409
2235
2245
2410
2236
2246
2411
2237
2247
2412
2238
2248
2413
2239
2249
2414
2240
2250
2415
2241
2251
2416
2242
2252
2417
2243
2253
2418
2254
2419
2245
2255
2420
2246
2256
2421
2247
2257
2422
2248
2258
2423
2249
2259
2424
2250
2260
2425
2251
2261
2426
2252
2262
2427
2253
2263
2428
2254
2264
2429
2265
2430
2256
2266
2431
2257
2267
2432
2258
2268
2433
2259
2269
2434
2260
2270
2435
2261
2271
2436
2262
2272
2437
2263
2273
2438
2264
2274
2439
2265
2275
2440
2276
2441
2267
2277
2442
2268
2278
2443
2269
2279
2444
2270
2280
2445
2271
2281
2446
2272
2282
2447
2273
2283
2448
2274
2284
2449
2275
2285
2450
2276
2286
2451
2287
2452
2278
2453
2279
2454
2280
2455
2281
2456
2282
2457
2283
2458
2284
2459
2285
2460
2286
2461
2287
2462
2463
2289
2299
2464
2290
2300
2465
2291
2301
2466
2292
2302
2467
2293
2303
2468
2294
2304
2469
2295
2305
2470
2296
2306
2471
2297
2307
2472
2298
2308
2473
2309
2474
2300
2310
2475
2301
2311
2476
2302
2312
2477
2303
2313
2478
2304
2314
2479
2305
2315
2480
2306
2316
2481
2307
2317
2482
2308
2318
2483
2309
2319
2484
2320
2485
2311
2321
2486
2312
2322
2487
2313
2323
2488
2314
2324
2489
2315
2325
2490
2316
2326
2491
2317
2327
2492
2318
2328
2493
2319
2329
2494
2320
2330
2495
2331
2496
2322
2332
2497
2323
2333
2498
2324
2334
2499
2325
2335
2500
2326
2336
2501
2327
2337
2502
2328
2338
2503
2329
2339
2504
2330
2340
2505
2331
2341
2506
2342
2507
2333
2343
2508
2334
2344
2509
2335
2345
2510
2336
2346
2511
2337
2347
2512
2338
2348
2513
2339
2349
2514
2340
2350
2515
2341
2351
2516
2342
2352
2517
2353
2518
2344
2354
2519
2345
2355
2520
2346
2356
2521
2347
2357
2522
2348
2358
2523
2349
2359
2524
2350
2360
2525
2351
2361
2526
2352
2362
2527
2353
2363
2528
2364
2529
2355
2365
2530
2356
2366
2531
2357
2367
2532
2358
2368
2533
2359
2369
2534
2360
2370
2535
2361
2371
2536
2362
2372
2537
2363
2373
2538
2364
2374
2539
2375
2540
2366
2376
2541
2367
2377
2542
2368
2378
2543
2369
2379
2544
2370
2380
2545
2371
2381
2546
2372
2382
2547
2373
2383
2548
2374
2384
2549
2375
2385
2550
2386
2551
2377
2387
2552
2378
2388
2553
2379
2389
2554
2380
2390
2555
2381
2391
2556
2382
2392
2557
2383
2393
2558
2384
2394
2559
2385
2395
2560
2386
2396
2561
2397
2562
2388
2398
2563
2389
2399
2564
2390
2400
2565
2391
2401
2566
2392
2402
2567
2393
2403
2568
2394
2404
2569
2395
2405
2570
2396
2406
2571
2397
2407
2572
2408
2573
2399
2409
2574
2400
2410
2575
2401
2411
2576
2402
2412
2577
2403
2413
2578
2404
2414
2579
2405
2415
2580
2406
2416
2581
2407
2417
2582
2408
2418
2583
2419
2584
2410
2420
2585
2411
2421
2586
2412
2422
2587
2413
2423
2588
2414
2424
2589
2415
2425
2590
2416
2426
2591
2417
2427
2592
2418
2428
2593
2419
2429
2594
2430
2595
2421
2431
2596
2422
2432
2597
2423
2433
2598
2424
2434
2599
2425
2435
2600
2426
2436
2601
2427
2437
2602
2428
2438
2603
2429
2439
2604
2430
2440
2605
2441
2606
2432
2442
2607
2433
2443
2608
2434
2444
2609
2435
2445
2610
2436
2446
2611
2437
2447
2612
2438
2448
2613
2439
2449
2614
2440
2450
2615
2441
2451
2616
2452
2617
2443
2453
2618
2444
2454
2619
2445
2455
2620
2446
2456
2621
2447
2457
2622
2448
2458
2623
2449
2459
2624
2450
2460
2625
2451
2461
2626
2452
2462
2627
2463
2628
2454
2629
2455
2630
2456
2631
2457
2632
2458
2633
2459
2634
2460
2635
2461
2636
2462
2637
2463
2638
2639
2465
2475
2640
2466
2476
2641
2467
2477
2642
2468
2478
2643
2469
2479
2644
2470
2480
2645
2471
2481
2646
2472
2482
2647
2473
2483
2648
2474
2484
2649
2485
2650
2476
2486
2651
2477
2487
2652
2478
2488
2653
2479
2489
2654
2480
2490
2655
2481
2491
2656
2482
2492
2657
2483
2493
2658
2484
2494
2659
2485
2495
2660
2496
2661
2487
2497
2662
2488
2498
2663
2489
2499
2664
2490
2500
2665
2491
2501
2666
2492
2502
2667
2493
2503
2668
2494
2504
2669
2495
2505
2670
2496
2506
2671
2507
2672
2498
2508
2673
2499
2509
2674
2500
2510
2675
2501
2511
2676
2502
2512
2677
2503
2513
2678
2504
2514
2679
2505
2515
2680
2506
2516
2681
2507
2517
2682
2518
2683
2509
2519
2684
2510
2520
2685
2511
2521
2686
2512
2522
2687
2513
2523
2688
2514
2524
2689
2515
2525
2690
2516
2526
2691
2517
2527
2692
2518
2528
2693
2529
2694
2520
2530
2695
2521
2531
2696
2522
2532
2697
2523
2533
2698
2524
2534
2699
2525
2535
2700
2526
2536
2701
2527
2537
2702
2528
2538
2703
2529
2539
2704
2540
2705
2531
2541
2706
2532
2542
2707
2533
2543
2708
2534
2544
2709
2535
2545
2710
2536
2546
2711
2537
2547
2712
2538
2548
2713
2539
2549
2714
2540
2550
2715
2551
2716
2542
2552
2717
2543
2553
2718
2544
2554
2719
2545
2555
2720
2546
2556
2721
2547
2557
2722
2548
2558
2723
2549
2559
2724
2550
2560
2725
2551
2561
2726
2562
2727
2553
2563
2728
2554
2564
2729
2555
2565
2730
2556
2566
2731
2557
2567
2732
2558
2568
2733
2559
2569
2734
2560
2570
2735
2561
2571
2736
2562
2572
2737
2573
2738
2564
2574
2739
2565
2575
2740
2566
2576
2741
2567
2577
2742
2568
2578
2743
2569
2579
2744
2570
2580
2745
2571
2581
2746
2572
2582
2747
2573
2583
2748
2584
2749
2575
2585
2750
2576
2586
2751
2577
2587
2752
2578
2588
2753
2579
2589
2754
2580
2590
2755
2581
2591
2756
2582
2592
2757
2583
2593
2758
2584
2594
2759
2595
2760
2586
2596
2761
2587
2597
2762
2588
2598
2763
2589
2599
2764
2590
2600
2765
2591
2601
2766
2592
2602
2767
2593
2603
2768
2594
2604
2769
2595
2605
2770
2606
2771
2597
2607
2772
2598
2608
2773
2599
2609
2774
2600
2610
2775
2601
2611
2776
2602
2612
2777
2603
2613
2778
2604
2614
2779
2605
2615
2780
2606
2616
2781
2617
2782
2608
2618
2783
2609
2619
2784
2610
2620
2785
2611
2621
2786
2612
2622
2787
2613
2623
2788
2614
2624
2789
2615
2625
2790
2616
2626
2791
2617
2627
2792
2628
2793
2619
2629
2794
2620
2630
2795
2621
2631
2796
2622
2632
2797
2623
2633
2798
2624
2634
2799
2625
2635
2800
2626
2636
2801
2627
2637
2802
2628
2638
2803
2639
2804
2630
2805
2631
2806
2632
2807
2633
2808
2634
2809
2635
2810
2636
2811
2637
2812
2638
2813
2639
2814
2815
2641
2651
2816
2642
2652
2817
2643
2653
2818
2644
2654
2819
2645
2655
2820
2646
2656
2821
2647
2657
2822
2648
2658
2823
2649
2659
2824
2650
2660
2825
2661
2826
2652
2662
2827
2653
2663
2828
2654
2664
2829
2655
2665
2830
2656
2666
2831
2657
2667
2832
2658
2668
2833
2659
2669
2834
2660
2670
2835
2661
2671
2836
2672
2837
2663
2673
2838
2664
2674
2839
2665
2675
2840
2666
2676
2841
2667
2677
2842
2668
2678
2843
2669
2679
2844
2670
2680
2845
2671
2681
2846
2672
2682
2847
2683
2848
2674
2684
2849
2675
2685
2850
2676
2686
2851
2677
2687
2852
2678
2688
2853
2679
2689
2854
2680
2690
2855
2681
2691
2856
2682
2692
2857
2683
2693
2858
2694
2859
2685
2695
2860
2686
2696
2861
2687
2697
2862
2688
2698
2863
2689
2699
2864
2690
2700
2865
2691
2701
2866
2692
2702
2867
2693
2703
2868
2694
2704
2869
2705
2870
2696
2706
2871
2697
2707
2872
2698
2708
2873
2699
2709
2874
2700
2710
2875
2701
2711
2876
2702
2712
2877
2703
2713
2878
2704
2714
2879
2705
2715
2880
2716
2881
2707
2717
2882
2708
2718
2883
2709
2719
2884
2710
2720
2885
2711
2721
2886
2712
2722
2887
2713
2723
2888
2714
2724
2889
2715
2725
2890
2716
2726
2891
2727
2892
2718
2728
2893
2719
2729
2894
2720
2730
2895
2721
2731
2896
2722
2732
2897
2723
2733
2898
2724
2734
2899
2725
2735
2900
2726
2736
2901
2727
2737
2902
2738
2903
2729
2739
2904
2730
2740
2905
2731
2741
2906
2732
2742
2907
2733
2743
2908
2734
2744
2909
2735
2745
2910
2736
2746
2911
2737
2747
2912
2738
2748
2913
2749
2914
2740
2750
2915
2741
2751
2916
2742
2752
2917
2743
2753
2918
2744
2754
2919
2745
2755
2920
2746
2756
2921
2747
2757
2922
2748
2758
2923
2749
2759
2924
2760
2925
2751
2761
2926
2752
2762
2927
2753
2763
2928
2754
2764
2929
2755
2765
2930
2756
2766
2931
2757
2767
2932
2758
2768
2933
2759
2769
2934
2760
2770
2935
2771
2936
2762
2772
2937
2763
2773
2938
2764
2774
2939
2765
2775
2940
2766
2776
2941
2767
2777
2942
2768
2778
2943
2769
2779
2944
2770
2780
2945
2771
2781
2946
2782
2947
2773
2783
2948
2774
2784
2949
2775
2785
2950
2776
2786
2951
2777
2787
2952
2778
2788
2953
2779
2789
2954
2780
2790
2955
2781
2791
2956
2782
2792
2957
2793
2958
2784
2794
2959
2785
2795
2960
2786
2796
2961
2787
2797
2962
2788
2798
2963
2789
2799
2964
2790
2800
2965
2791
2801
2966
2792
2802
2967
2793
2803
2968
2804
2969
2795
2805
2970
2796
2806
2971
2797
2807
2972
2798
2808
2973
2799
2809
2974
2800
2810
2975
2801
2811
2976
2802
2812
2977
2803
2813
2978
2804
2814
2979
2815
2980
2806
2981
2807
2982
2808
2983
2809
2984
2810
2985
2811
2986
2812
2987
2813
2988
2814
2989
2815
2990
2991
2817
2827
2992
2818
2828
2993
2819
2829
2994
2820
2830
2995
2821
2831
2996
2822
2832
2997
2823
2833
2998
2824
2834
2999
2825
2835
3000
2826
2836
3001
2837
3002
2828
2838
3003
2829
2839
3004
2830
2840
3005
2831
2841
3006
2832
2842
3007
2833
2843
3008
2834
2844
3009
2835
2845
3010
2836
2846
3011
2837
2847
3012
2848
3013
2839
2849
3014
2840
2850
3015
2841
2851
3016
2842
2852
3017
2843
2853
3018
2844
2854
3019
2845
2855
3020
2846
2856
3021
2847
2857
3022
2848
2858
3023
2859
3024
2850
2860
3025
2851
2861
3026
2852
2862
3027
2853
2863
3028
2854
2864
3029
2855
2865
3030
2856
2866
3031
2857
2867
3032
2858
2868
3033
2859
2869
3034
2870
3035
2861
2871
3036
2862
2872
3037
2863
2873
3038
2864
2874
3039
2865
2875
3040
2866
2876
3041
2867
2877
3042
2868
2878
3043
2869
2879
3044
2870
2880
3045
2881
3046
2872
2882
3047
2873
2883
3048
2874
2884
3049
2875
2885
3050
2876
2886
3051
2877
2887
3052
2878
2888
3053
2879
2889
3054
2880
2890
3055
2881
2891
3056
2892
3057
2883
2893
3058
2884
2894
3059
2885
2895
3060
2886
2896
3061
2887
2897
3062
2888
2898
3063
2889
2899
3064
2890
2900
3065
2891
2901
3066
2892
2902
3067
2903
3068
2894
2904
3069
2895
2905
3070
2896
2906
3071
2897
2907
3072
2898
2908
3073
2899
2909
3074
2900
2910
3075
2901
2911
3076
2902
2912
3077
2903
2913
3078
2914
3079
2905
2915
3080
2906
2916
3081
2907
2917
3082
2908
2918
3083
2909
2919
3084
2910
2920
3085
2911
2921
3086
2912
2922
3087
2913
2923
3088
2914
2924
3089
2925
3090
2916
2926
3091
2917
2927
3092
2918
2928
3093
2919
2929
3094
2920
2930
3095
2921
2931
3096
2922
2932
3097
2923
2933
3098
2924
2934
3099
2925
2935
3100
2936
3101
2927
2937
3102
2928
2938
3103
2929
2939
3104
2930
2940
3105
2931
2941
3106
2932
2942
3107
2933
2943
3108
2934
2944
3109
2935
2945
3110
2936
2946
3111
2947
3112
2938
2948
3113
2939
2949
3114
2940
2950
3115
2941
2951
3116
2942
2952
3117
2943
2953
3118
2944
2954
3119
2945
2955
3120
2946
2956
3121
2947
2957
3122
2958
3123
2949
2959
3124
2950
2960
3125
2951
2961
3126
2952
2962
3127
2953
2963
3128
2954
2964
3129
2955
2965
3130
2956
2966
3131
2957
2967
3132
2958
2968
3133
2969
3134
2960
2970
3135
2961
2971
3136
2962
2972
3137
2963
2973
3138
2964
2974
3139
2965
2975
3140
2966
2976
3141
2967
2977
3142
2968
2978
3143
2969
2979
3144
2980
3145
2971
2981
3146
2972
2982
3147
2973
2983
3148
2974
2984
3149
2975
2985
3150
2976
2986
3151
2977
2987
3152
2978
2988
3153
2979
2989
3154
2980
2990
3155
2991
3156
2982
3157
2983
3158
2984
3159
2985
3160
2986
3161
2987
3162
2988
3163
2989
3164
2990
3165
2991
3166
3167
2993
3003
3168
2994
3004
3169
2995
3005
3170
2996
3006
3171
2997
3007
3172
2998
3008
3173
2999
3009
3174
3000
3010
3175
3001
3011
3176
3002
3012
3177
3013
3178
3004
3014
3179
3005
3015
3180
3006
3016
3181
3007
3017
3182
3008
3018
3183
3009
3019
3184
3010
3020
3185
3011
3021
3186
3012
3022
3187
3013
3023
3188
3024
3189
3015
3025
3190
3016
3026
3191
3017
3027
3192
3018
3028
3193
3019
3029
3194
3020
3030
3195
3021
3031
3196
3022
3032
3197
3023
3033
3198
3024
3034
3199
3035
3200
3026
3036
3201
3027
3037
3202
3028
3038
3203
3029
3039
3204
3030
3040
3205
3031
3041
3206
3032
3042
3207
3033
3043
3208
3034
3044
3209
3035
3045
3210
3046
3211
3037
3047
3212
3038
3048
3213
3039
3049
3214
3040
3050
3215
3041
3051
3216
3042
3052
3217
3043
3053
3218
3044
3054
3219
3045
3055
3220
3046
3056
3221
3057
3222
3048
3058
3223
3049
3059
3224
3050
3060
3225
3051
3061
3226
3052
3062
3227
3053
3063
3228
3054
3064
3229
3055
3065
3230
3056
3066
3231
3057
3067
3232
3068
3233
3059
3069
3234
3060
3070
3235
3061
3071
3236
3062
3072
3237
3063
3073
3238
3064
3074
3239
3065
3075
3240
3066
3076
3241
3067
3077
3242
3068
3078
3243
3079
3244
3070
3080
3245
3071
3081
3246
3072
3082
3247
3073
3083
3248
3074
3084
3249
3075
3085
3250
3076
3086
3251
3077
3087
3252
3078
3088
3253
3079
3089
3254
3090
3255
3081
3091
3256
3082
3092
3257
3083
3093
3258
3084
3094
3259
3085
3095
3260
3086
3096
3261
3087
3097
3262
3088
3098
3263
3089
3099
3264
3090
3100
3265
3101
3266
3092
3102
3267
3093
3103
3268
3094
3104
3269
3095
3105
3270
3096
3106
3271
3097
3107
3272
3098
3108
3273
3099
3109
3274
3100
3110
3275
3101
3111
3276
3112
3277
3103
3113
3278
3104
3114
3279
3105
3115
3280
3106
3116
3281
3107
3117
3282
3108
3118
3283
3109
3119
3284
3110
3120
3285
3111
3121
3286
3112
3122
3287
3123
3288
3114
3124
3289
3115
3125
3290
3116
3126
3291
3117
3127
3292
3118
3128
3293
3119
3129
3294
3120
3130
3295
3121
3131
3296
3122
3132
3297
3123
3133
3298
3134
3299
3125
3135
3300
3126
3136
3301
3127
3137
3302
3128
3138
3303
3129
3139
3304
3130
3140
3305
3131
3141
3306
3132
3142
3307
3133
3143
3308
3134
3144
3309
3145
3310
3136
3146
3311
3137
3147
3312
3138
3148
3313
3139
3149
3314
3140
3150
3315
3141
3151
3316
3142
3152
3317
3143
3153
3318
3144
3154
3319
3145
3155
3320
3156
3321
3147
3157
3322
3148
3158
3323
3149
3159
3324
3150
3160
3325
3151
3161
3326
3152
3162
3327
3153
3163
3328
3154
3164
3329
3155
3165
3330
3156
3166
3331
3167
3332
3158
3333
3159
3334
3160
3335
3161
3336
3162
3337
3163
3338
3164
3339
3165
3340
3166
3341
3167
3342
3343
3169
3179
3344
3170
3180
3345
3171
3181
3346
3172
3182
3347
3173
3183
3348
3174
3184
3349
3175
3185
3350
3176
3186
3351
3177
3187
3352
3178
3188
3353
3189
3354
3180
3190
3355
3181
3191
3356
3182
3192
3357
3183
3193
3358
3184
3194
3359
3185
3195
3360
3186
3196
3361
3187
3197
3362
3188
3198
3363
3189
3199
3364
3200
3365
3191
3201
3366
3192
3202
3367
3193
3203
3368
3194
3204
3369
3195
3205
3370
3196
3206
3371
3197
3207
3372
3198
3208
3373
3199
3209
3374
3200
3210
3375
3211
3376
3202
3212
3377
3203
3213
3378
3204
3214
3379
3205
3215
3380
3206
3216
3381
3207
3217
3382
3208
3218
3383
3209
3219
3384
3210
3220
3385
3211
3221
3386
3222
3387
3213
3223
3388
3214
3224
3389
3215
3225
3390
3216
3226
3391
3217
3227
3392
3218
3228
3393
3219
3229
3394
3220
3230
3395
3221
3231
3396
3222
3232
3397
3233
3398
3224
3234
3399
3225
3235
3400
3226
3236
3401
3227
3237
3402
3228
3238
3403
3229
3239
3404
3230
3240
3405
3231
3241
3406
3232
3242
3407
3233
3243
3408
3244
3409
3235
3245
3410
3236
3246
3411
3237
3247
3412
3238
3248
3413
3239
3249
3414
3240
3250
3415
3241
3251
3416
3242
3252
3417
3243
3253
3418
3244
3254
3419
3255
3420
3246
3256
3421
3247
3257
3422
3248
3258
3423
3249
3259
3424
3250
3260
3425
3251
3261
3426
3252
3262
3427
3253
3263
3428
3254
3264
3429
3255
3265
3430
3266
3431
3257
3267
3432
3258
3268
3433
3259
3269
3434
3260
3270
3435
3261
3271
3436
3262
3272
3437
3263
3273
3438
3264
3274
3439
3265
3275
3440
3266
3276
3441
3277
3442
3268
3278
3443
3269
3279
3444
3270
3280
3445
3271
3281
3446
3272
3282
3447
3273
3283
3448
3274
3284
3449
3275
3285
3450
3276
3286
3451
3277
3287
3452
3288
3453
3279
3289
3454
3280
3290
3455
3281
3291
3456
3282
3292
3457
3283
3293
3458
3284
3294
3459
3285
3295
3460
3286
3296
3461
3287
3297
3462
3288
3298
3463
3299
3464
3290
3300
3465
3291
3301
3466
3292
3302
3467
3293
3303
3468
3294
3304
3469
3295
3305
3470
3296
3306
3471
3297
3307
3472
3298
3308
3473
3299
3309
3474
3310
3475
3301
3311
3476
3302
3312
3477
3303
3313
3478
3304
3314
3479
3305
3315
3480
3306
3316
3481
3307
3317
3482
3308
3318
3483
3309
3319
3484
3310
3320
3485
3321
3486
3312
3322
3487
3313
3323
3488
3314
3324
3489
3315
3325
3490
3316
3326
3491
3317
3327
3492
3318
3328
3493
3319
3329
3494
3320
3330
3495
3321
3331
3496
3332
3497
3323
3333
3498
3324
3334
3499
3325
3335
3500
3326
3336
3501
3327
3337
3502
3328
3338
3503
3329
3339
3504
3330
3340
3505
3331
3341
3506
3332
3342
3507
3343
3508
3334
3509
3335
3510
3336
3511
3337
3512
3338
3513
3339
3514
3340
3515
3341
3516
3342
3517
3343
3518
3519
3345
3355
3520
3346
3356
3521
3347
3357
3522
3348
3358
3523
3349
3359
3524
3350
3360
3525
3351
3361
3526
3352
3362
3527
3353
3363
3528
3354
3364
3529
3365
3530
3356
3366
3531
3357
3367
3532
3358
3368
3533
3359
3369
3534
3360
3370
3535
3361
3371
3536
3362
3372
3537
3363
3373
3538
3364
3374
3539
3365
3375
3540
3376
3541
3367
3377
3542
3368
3378
3543
3369
3379
3544
3370
3380
3545
3371
3381
3546
3372
3382
3547
3373
3383
3548
3374
3384
3549
3375
3385
3550
3376
3386
3551
3387
3552
3378
3388
3553
3379
3389
3554
3380
3390
3555
3381
3391
3556
3382
3392
3557
3383
3393
3558
3384
3394
3559
3385
3395
3560
3386
3396
3561
3387
3397
3562
3398
3563
3389
3399
3564
3390
3400
3565
3391
3401
3566
3392
3402
3567
3393
3403
3568
3394
3404
3569
3395
3405
3570
3396
3406
3571
3397
3407
3572
3398
3408
3573
3409
3574
3400
3410
3575
3401
3411
3576
3402
3412
3577
3403
3413
3578
3404
3414
3579
3405
3415
3580
3406
3416
3581
3407
3417
3582
3408
3418
3583
3409
3419
3584
3420
3585
3411
3421
3586
3412
3422
3587
3413
3423
3588
3414
3424
3589
3415
3425
3590
3416
3426
3591
3417
3427
3592
3418
3428
3593
3419
3429
3594
3420
3430
3595
3431
3596
3422
3432
3597
3423
3433
3598
3424
3434
3599
3425
3435
3600
3426
3436
3601
3427
3437
3602
3428
3438
3603
3429
3439
3604
3430
3440
3605
3431
3441
3606
3442
3607
3433
3443
3608
3434
3444
3609
3435
3445
3610
3436
3446
3611
3437
3447
3612
3438
3448
3613
3439
3449
3614
3440
3450
3615
3441
3451
3616
3442
3452
3617
3453
3618
3444
3454
3619
3445
3455
3620
3446
3456
3621
3447
3457
3622
3448
3458
3623
3449
3459
3624
3450
3460
3625
3451
3461
3626
3452
3462
3627
3453
3463
3628
3464
3629
3455
3465
3630
3456
3466
3631
3457
3467
3632
3458
3468
3633
3459
3469
3634
3460
3470
3635
3461
3471
3636
3462
3472
3637
3463
3473
3638
3464
3474
3639
3475
3640
3466
3476
3641
3467
3477
3642
3468
3478
3643
3469
3479
3644
3470
3480
3645
3471
3481
3646
3472
3482
3647
3473
3483
3648
3474
3484
3649
3475
3485
3650
3486
3651
3477
3487
3652
3478
3488
3653
3479
3489
3654
3480
3490
3655
3481
3491
3656
3482
3492
3657
3483
3493
3658
3484
3494
3659
3485
3495
3660
3486
3496
3661
3497
3662
3488
3498
3663
3489
3499
3664
3490
3500
3665
3491
3501
3666
3492
3502
3667
3493
3503
3668
3494
3504
3669
3495
3505
3670
3496
3506
3671
3497
3507
3672
3508
3673
3499
3509
3674
3500
3510
3675
3501
3511
3676
3502
3512
3677
3503
3513
3678
3504
3514
3679
3505
3515
3680
3506
3516
3681
3507
3517
3682
3508
3518
3683
3519
3684
3510
3685
3511
3686
3512
3687
3513
3688
3514
3689
3515
3690
3516
3691
3517
3692
3518
3693
3519
3694
3695
3521
3531
3696
3522
3532
3697
3523
3533
3698
3524
3534
3699
3525
3535
3700
3526
3536
3701
3527
3537
3702
3528
3538
3703
3529
3539
3704
3530
3540
3705
3541
3706
3532
3542
3707
3533
3543
3708
3534
3544
3709
3535
3545
3710
3536
3546
3711
3537
3547
3712
3538
3548
3713
3539
3549
3714
3540
3550
3715
3541
3551
3716
3552
3717
3543
3553
3718
3544
3554
3719
3545
3555
3720
3546
3556
3721
3547
3557
3722
3548
3558
3723
3549
3559
3724
3550
3560
3725
3551
3561
3726
3552
3562
3727
3563
3728
3554
3564
3729
3555
3565
3730
3556
3566
3731
3557
3567
3732
3558
3568
3733
3559
3569
3734
3560
3570
3735
3561
3571
3736
3562
3572
3737
3563
3573
3738
3574
3739
3565
3575
3740
3566
3576
3741
3567
3577
3742
3568
3578
3743
3569
3579
3744
3570
3580
3745
3571
3581
3746
3572
3582
3747
3573
3583
3748
3574
3584
3749
3585
3750
3576
3586
3751
3577
3587
3752
3578
3588
3753
3579
3589
3754
3580
3590
3755
3581
3591
3756
3582
3592
3757
3583
3593
3758
3584
3594
3759
3585
3595
3760
3596
3761
3587
3597
3762
3588
3598
3763
3589
3599
3764
3590
3600
3765
3591
3601
3766
3592
3602
3767
3593
3603
3768
3594
3604
3769
3595
3605
3770
3596
3606
3771
3607
3772
3598
3608
3773
3599
3609
3774
3600
3610
3775
3601
3611
3776
3602
3612
3777
3603
3613
3778
3604
3614
3779
3605
3615
3780
3606
3616
3781
3607
3617
3782
3618
3783
3609
3619
3784
3610
3620
3785
3611
3621
3786
3612
3622
3787
3613
3623
3788
3614
3624
3789
3615
3625
3790
3616
3626
3791
3617
3627
3792
3618
3628
3793
3629
3794
3620
3630
3795
3621
3631
3796
3622
3632
3797
3623
3633
3798
3624
3634
3799
3625
3635
3800
3626
3636
3801
3627
3637
3802
3628
3638
3803
3629
3639
3804
3640
3805
3631
3641
3806
3632
3642
3807
3633
3643
3808
3634
3644
3809
3635
3645
3810
3636
3646
3811
3637
3647
3812
3638
3648
3813
3639
3649
3814
3640
3650
3815
3651
3816
3642
3652
3817
3643
3653
3818
3644
3654
3819
3645
3655
3820
3646
3656
3821
3647
3657
3822
3648
3658
3823
3649
3659
3824
3650
3660
3825
3651
3661
3826
3662
3827
3653
3663
3828
3654
3664
3829
3655
3665
3830
3656
3666
3831
3657
3667
3832
3658
3668
3833
3659
3669
3834
3660
3670
3835
3661
3671
3836
3662
3672
3837
3673
3838
3664
3674
3839
3665
3675
3840
3666
3676
3841
3667
3677
3842
3668
3678
3843
3669
3679
3844
3670
3680
3845
3671
3681
3846
3672
3682
3847
3673
3683
3848
3684
3849
3675
3685
3850
3676
3686
3851
3677
3687
3852
3678
3688
3853
3679
3689
3854
3680
3690
3855
3681
3691
3856
3682
3692
3857
3683
3693
3858
3684
3694
3859
3695
3860
3686
3861
3687
3862
3688
3863
3689
3864
3690
3865
3691
3866
3692
3867
3693
3868
3694
3869
3695
3870
3871
3697
3707
3698
3708
3699
3709
3700
3710
3701
3711
3702
3712
3703
3713
3704
3714
3705
3715
3706
3716
3717
3708
3718
3709
3719
3710
3720
3711
3721
3712
3722
3713
3723
3714
3724
3715
3725
3716
3726
3717
3727
3728
3719
3729
3720
3730
3721
3731
3722
3732
3723
3733
3724
3734
3725
3735
3726
3736
3727
3737
3728
3738
3739
3730
3740
3731
3741
3732
3742
3733
3743
3734
3744
3735
3745
3736
3746
3737
3747
3738
3748
3739
3749
3750
3741
3751
3742
3752
3743
3753
3744
3754
3745
3755
3746
3756
3747
3757
3748
3758
3749
3759
3750
3760
3761
3752
3762
3753
3763
3754
3764
3755
3765
3756
3766
3757
3767
3758
3768
3759
3769
3760
3770
3761
3771
3772
3763
3773
3764
3774
3765
3775
3766
3776
3767
3777
3768
3778
3769
3779
3770
3780
3771
3781
3772
3782
3783
3774
3784
3775
3785
3776
3786
3777
3787
3778
3788
3779
3789
3780
3790
3781
3791
3782
3792
3783
3793
3794
3785
3795
3786
3796
3787
3797
3788
3798
3789
3799
3790
3800
3791
3801
3792
3802
3793
3803
3794
3804
3805
3796
3806
3797
3807
3798
3808
3799
3809
3800
3810
3801
3811
3802
3812
3803
3813
3804
3814
3805
3815
3816
3807
3817
3808
3818
3809
3819
3810
3820
3811
3821
3812
3822
3813
3823
3814
3824
3815
3825
3816
3826
3827
3818
3828
3819
3829
3820
3830
3821
3831
3822
3832
3823
3833
3824
3834
3825
3835
3826
3836
3827
3837
3838
3829
3839
3830
3840
3831
3841
3832
3842
3833
3843
3834
3844
3835
3845
3836
3846
3837
3847
3838
3848
3849
3840
3850
3841
3851
3842
3852
3843
3853
3844
3854
3845
3855
3846
3856
3847
3857
3848
3858
3849
3859
3860
3851
3861
3852
3862
3853
3863
3854
3864
3855
3865
3856
3866
3857
3867
3858
3868
3859
3869
3860
3870
3871
3862
3863
3864
3865
3866
3867
3868
3869
3870
3871
)


// ************************************************************************* //
